0	1.42649766070008,-2.36451698726951
0	1.99674675949793,-2.52394597734389
0	3.00046540300392,-2.34319166252155
0	1.84704649735027,-1.88644392548507
0	2.76978662260113,-2.1420422533224
0	1.89647600125381,-2.6679311813044
0	0.961600279842843,-2.61264812857656
0	1.99486767930725,-1.8413215831807
0	2.22008239086352,-3.49792853557783
0	1.66473029649071,-3.18562578131039
0	2.96989679678828,-2.32319077857033
0	1.95060885291007,-1.95566487706369
0	2.48950162559759,-2.23835714542272
0	1.73524231222488,-1.56563973048552
0	1.81852934419404,-2.93525618357708
0	1.25087322665047,-2.06312347082021
0	2.15875427292352,-1.81509436209615
0	2.12403390212999,-2.0423619296681
0	2.2992217261504,-3.00382622872594
0	3.20224997219466,-2.39385683732794
0	1.44230397108838,-3.16155952832602
0	1.90661075880547,-3.22449695901645
0	2.7184095209739,-2.67504035300168
0	1.98613016820886,-2.12761942734648
0	3.13096326031327,-2.97254260134637
0	1.57865265870059,-2.55810839308823
0	2.10556593285067,-1.73468635052237
0	3.10944467301525,-2.48971272819413
0	2.7065933923429,-2.48307425691493
0	2.50407142022374,-3.06058126277036
0	2.91879333647675,-2.31397113209479
0	2.88696110404003,-3.40278855731327
0	2.48627386172613,-3.08938317870886
0	2.56063911419609,-2.80954838085969
0	3.05069927617495,-2.52909253581233
0	1.71171749060935,-2.60974171902544
0	3.29008338409992,-2.94895708609655
0	0.229669252167872,-3.18212819840255
0	2.31070794710241,-2.83323796234447
0	3.2775698015908,-2.00181936230007
0	2.60757348075273,-2.52689309132198
0	3.14067573370225,-2.82843945944113
0	3.19432135632502,-2.68901398173479
0	3.26935150937673,-3.43296810548972
0	1.5567504040064,-3.24390747016869
0	3.66464783729247,-2.46746028578407
0	2.53481882177128,-1.57132989533311
0	2.91669470907223,-2.47083411247402
0	1.34714966184508,-2.99705298964711
0	1.51364474856329,-3.09565366736609
0	1.24180444927921,-3.21132271975654
0	2.93064754711411,-1.7819075764964
0	1.09402618293629,-2.19588447170807
0	2.76332493288694,-2.86358574386769
0	2.30542733737486,-1.7433282706416
0	1.71777397087594,-3.40580874962062
0	2.15137723878975,-2.48829160575092
0	3.80654048579388,-3.33831110424207
0	2.19982094368239,-1.52382080148955
0	2.8199616674723,-3.09145857626428
0	1.10390439297678,-3.20710695736821
0	1.53532060954832,-2.81046765319244
0	2.01315625348495,-2.71242499928254
0	3.52402415412609,-2.67377715850104
0	1.99232638474622,-2.62247443923993
0	2.32366656822205,-2.84747760074502
0	3.52792475420637,-2.27865055053475
0	1.14074058373044,-2.76341028097754
0	2.25992981569856,-2.88263770247542
0	1.34243103904681,-2.36307328979318
0	1.93733983550195,-2.65857013366481
0	2.29419539430391,-3.11936325061016
0	2.14224114098366,-2.27186119031489
0	1.63421456676417,-2.47765581336341
0	1.48317688701719,-1.76113408835423
0	2.0012670419492,-2.26173185476892
0	3.39738350497626,-3.04142326842782
0	2.75699760352693,-3.28571404027486
0	1.12841337348199,-2.25865571316622
0	1.30698008762356,-2.53397731631882
0	3.21429589231376,-3.49845006130016
0	2.83369390956034,-2.54517210808682
0	2.23752960884403,-2.55056161215404
0	2.33125671382288,-2.86837210797845
0	1.79575519541941,-2.1984159313633
0	1.87129044123067,-2.85682812907699
0	3.76088782700339,-2.43236895593312
0	2.48095504041126,-2.85477308284475
0	1.68884506159908,-1.77576432752735
0	1.21003373788398,-2.66833042066842
0	2.34047419329503,-2.31121323010843
0	3.1136437385662,-3.12522497806449
0	3.02216431271827,-2.93898319918056
0	2.241505265811,-2.19510402221942
0	1.41692781682539,-1.52343394892612
0	2.94579031809236,-2.39965611756776
0	3.32339168410046,-2.54526347652607
0	1.4286204122881,-3.08733853893365
0	1.37746752888448,-3.04239416019684
0	3.26443313993072,-2.50520463694749
0	2.01599159121734,-2.97305432436633
0	3.61280609037615,-2.4048693219749
0	3.11265311795845,-2.79613113819091
0	2.07943004014587,-2.28205193595965
0	2.67788553383064,-2.15881407010926
0	3.68446527364884,-2.45310800806464
0	2.27401065259253,-2.29970100795001
0	3.07564704148701,-2.50655698758316
0	2.28214311579255,-1.93731299369347
0	2.07290283646332,-3.49715053233262
0	3.09412941404989,-3.37116807889762
0	3.71431263001244,-3.77593062052947
0	1.58358550243281,-2.42171955970154
0	3.57162301506424,-2.960254923745
0	2.35020320154751,-2.87685423994955
0	3.43966015040951,-3.15845350703166
0	1.8744314620723,-2.89653572780197
0	3.00064057397231,-2.89050908333313
0	2.82021238184858,-2.51069392153881
0	1.74729191060897,-2.28540640921594
0	3.13097846708696,-3.35027161483727
0	2.90299861125963,-3.35259902599628
0	1.54121934545807,-3.09388959714346
0	2.30394860648689,-2.37189720376577
0	1.26250845587612,-1.95408546432874
0	1.98758323768985,-2.52203325852437
0	3.92843383021773,-2.86847766021747
0	2.74133197955379,-3.12049597120736
0	2.28110619706722,-2.91186698342058
0	0.571851809930843,-2.77688314084386
0	2.81396542238764,-2.54673979582972
0	2.5250471373516,-3.08915470164289
0	2.04572016255113,-2.10939472303465
0	2.93880249933427,-3.10158197836813
0	2.62707881304575,-2.49745326110229
0	2.09150226244994,-1.69462387657703
0	4.08506557065843,-2.81767589376248
0	1.88884944905003,-2.0374097948081
0	3.01225694639998,-2.65898187567847
0	2.6544271481955,-2.53405793248789
0	2.68546744847775,-2.51937135392642
0	2.83373866405837,-2.67441908233233
0	1.82976435485453,-3.27125944695941
0	2.91069525759285,-3.09749222737624
0	1.98927810848203,-2.53252893971342
0	1.70311799499243,-2.56046096142091
0	2.81270071149184,-2.67289880094583
0	2.14492863946351,-2.41989087620572
0	2.88497883705158,-2.63347889586745
0	1.56947322515761,-2.61193600167627
0	3.08344299656206,-2.53383717166488
0	1.00535459934272,-2.164010651626
0	2.36114936584014,-2.6860596574428
0	2.8880691521095,-2.77260642709936
0	3.59668751393486,-2.0901466975585
0	2.69432247806037,-2.78894088315581
0	2.23754699114953,-2.43260609066688
0	3.04657386381459,-2.01575983720381
0	3.28843038190647,-2.05175991836115
0	1.86971379204752,-2.89439408914938
0	2.46547364093891,-2.77707269324861
0	2.6309971275957,-2.8761067338933
0	2.56730824586287,-3.6253015231297
0	2.62083673725053,-2.879967541052
0	3.83927706454374,-3.50295032286347
0	2.90180073735943,-2.72235506921702
0	3.31631775204519,-2.83494517369395
0	2.78969752918649,-2.75348257221948
0	2.99147788569271,-2.31662948478685
0	2.79296943946899,-2.32948958300284
0	1.09694526299035,-2.91737296341073
0	3.48557476830476,-2.59573992884854
0	2.55829981867139,-2.99322635553023
0	2.48942581501865,-2.16925885473393
0	2.62245398997671,-1.43086968966519
0	2.07836209609712,-3.02460863906882
0	1.77773041740433,-2.9282701421059
0	2.58632941322014,-2.42983491533198
0	1.98528483700761,-3.49208895247941
0	1.19273471867037,-2.19613983738177
0	2.29117712540013,-2.50979874858242
0	3.38428244003873,-2.42659010596199
0	2.71404703647378,-2.88431738143841
0	3.21247760885285,-2.7232805038977
0	2.42593122859851,-2.77187377008588
0	2.60645701356541,-2.48656802415158
0	2.07636982433913,-2.1821432702457
0	1.67490310116294,-2.69545202403634
0	3.14057033772049,-2.88025103675656
0	1.74036360113367,-2.66042094597699
0	2.66690636331936,-3.13168578050149
0	2.73384240708079,-2.42831532675391
0	2.82168744197303,-3.14586850763054
0	2.23790149994728,-3.01381825102241
0	2.14796968658993,-2.33106925312187
0	0.951220752516147,-2.35857912038647
0	2.5416085455915,-1.92821486037615
0	2.29721753387393,-2.14946139964562
0	2.33184526536881,-3.07143186779568
0	3.45547586308721,-2.55867312512168
0	3.21408970385389,-1.87619241481267
0	1.01800330600066,-2.38855463192543
0	3.20102261559262,-3.67654059047204
0	3.04755195061172,-2.64070606401989
0	1.69380345272687,-3.13594792184172
0	3.2857895148495,-2.52867397210771
0	2.61139560187355,-2.6391356728189
0	1.97004733750921,-2.07599027824162
0	2.7679011125548,-3.11913372509095
0	3.15290904102495,-2.89099915035382
0	2.39538599118685,-3.34120847325798
0	2.84046672925856,-2.68316998010923
0	2.76706395044221,-2.48659569191858
0	1.93394732742801,-2.05233970681506
0	3.09982832156821,-2.89245940962826
0	2.41218372147033,-1.85369317900037
0	2.08604143440892,-1.70539099017263
0	2.20933172302032,-1.79072355707994
0	2.90480920227996,-2.30927806895052
0	2.62433168204038,-2.30752355723907
0	2.48805402357481,-2.61257771629624
0	1.9058105801688,-2.87041232578879
0	2.60006633652078,-1.6721714969453
0	1.90543950146583,-2.49380117725173
0	2.01596447400335,-3.46750871963434
0	1.71505012943025,-2.57455742773613
0	2.65108416548481,-2.55000969070891
0	2.38890375377014,-2.39029195540271
0	1.14887000036665,-2.26964143798481
0	3.30551304884439,-2.43126493847322
0	1.06182930924883,-2.26221210391437
0	1.97351158838532,-3.14415115451075
0	1.0552340327626,-2.1459529923043
0	3.30421862668026,-2.62909775997099
0	2.65513084783807,-1.99209417784289
0	1.66491525028111,-2.83500570778811
0	3.10180691296321,-1.93245429024659
0	2.78956561300994,-2.73541499787495
0	2.57975233981179,-2.6991665132591
0	1.67919253468352,-3.02476140950867
0	3.72163492555151,-2.05052461548619
0	3.47899543122294,-2.68351912319432
0	1.74997415353361,-2.22431876039047
0	2.80162310765244,-3.60655555281958
0	1.26368931640659,-2.07711173728152
0	2.90059447714061,-3.34244455337345
0	2.68204592735045,-2.49026764734
0	2.1050906117131,-3.16934183182168
0	1.01320882626451,-2.80774304243341
0	3.16151597260657,-1.88553325517229
0	2.06025401876171,-2.60578124175546
0	3.15268700307403,-3.10484732939985
0	2.07556474009824,-2.38699856246021
0	1.733038488154,-2.58479011468093
0	2.23970152302803,-2.92754487507891
0	2.66216331911957,-3.06057883519931
0	2.77333584755804,-2.5737400545635
0	1.93189560342933,-2.34467380605885
0	2.81173313894604,-1.40703175506994
0	2.67273105143673,-2.80541776425415
0	2.45994577774805,-3.05552650548985
0	2.63374435284415,-2.96502383887215
0	2.73016584346131,-2.24909289668868
0	3.74224240867978,-2.36888113799128
0	1.58942677947818,-3.10888673782115
0	3.44533027347144,-2.52348506380778
0	3.41323413362615,-1.61236004391602
0	2.17227815588975,-2.9423130754995
0	3.02895481533967,-2.71744657735615
0	2.33765789794538,-2.016975268282
0	1.87624997480583,-2.39180822300279
0	1.7103768992709,-1.88239901499559
0	2.46646805995666,-2.46807124194188
0	2.21257856727107,-2.02229611962291
0	1.35862357865982,-2.55744327099039
0	1.90129484992692,-1.95467472697708
0	2.5448607736081,-2.88214100106027
0	2.25667359413463,-3.21105021004352
0	2.50139740551172,-3.04572215345139
0	2.94975337585928,-3.50735133533628
0	2.12117099240902,-3.19816466807905
0	2.86156589004693,-2.85288336811037
0	1.06564807193444,-3.3367451203287
0	1.70524161907933,-2.68320164351181
0	2.48447366398639,-3.18011413244849
0	1.97474010059046,-1.94062702508347
0	2.55667152436799,-3.13996238519823
0	3.28282069625783,-2.49450100346534
0	3.74322667117544,-3.52579100604317
0	2.7413150817461,-2.62866342350609
0	2.36902368689557,-2.12326112698803
0	2.23089408001618,-2.25616013236135
0	3.56541296100113,-1.87213996444371
0	2.57651600195893,-2.94333826167539
0	1.54293038511501,-3.36035605522507
0	2.54691106165253,-2.59053592448057
0	1.53710014715893,-2.16983277395535
0	3.12561665590794,-2.67749854096952
0	2.22023559891284,-1.92388648508839
0	1.74796048083067,-2.74000928016348
0	0.914409184385147,-2.47103477527065
0	1.99597883099167,-1.70059851871406
0	1.56804439200295,-2.03285703430302
0	2.39959202351258,-1.26407669583448
0	3.74940835745534,-3.05133502301922
0	2.79393207712849,-2.71398598112945
0	1.47881047560132,-3.07053326161643
0	3.14778173876477,-2.82813752275022
0	2.10923510372727,-2.94056596011009
0	2.82143103810851,-2.02273947331986
0	2.02006079868177,-2.32267676670736
0	3.15127157156598,-1.70616642513971
0	1.87075278506562,-3.30272773980415
0	3.13344853945618,-2.28694115227679
0	4.14575748601853,-3.45739642514465
0	4.62244920603595,-2.97564958529217
0	0.918825352678015,-3.13308736856974
0	1.89128233384639,-2.64057187628803
0	1.90607172747008,-3.03498787178956
0	2.66405730405557,-2.47558053728787
0	1.44900577083092,-3.05049035467713
0	3.15546788970148,-2.6664906934629
0	1.80916547197896,-2.65539159961044
0	3.03093960724679,-2.5024383072453
0	2.71331873560915,-3.13684464790017
0	1.69776229833178,-2.78665694497828
0	3.148351701443,-2.79302293076464
0	2.11445025836914,-3.30911328582796
0	1.48242248598373,-2.19678988358062
0	3.26392930526843,-1.5375876479063
0	3.00410848910889,-2.58952879705173
0	3.7133467344402,-2.78717159254509
0	0.937381520981063,-3.19221138716712
1	-0.585047556225471,0.432405240390973
1	0.536492848266882,1.12987544501496
1	-0.466895997119903,1.78380458862839
1	-0.00666713213651882,2.19695118606032
1	-0.517269211037422,1.82882014421052
1	0.175019238829811,1.37705030942523
1	0.0668678584487043,2.21407761242529
1	-0.199300845984252,0.780029097388765
1	-0.733060837340088,3.08201813002216
1	-0.28948509442415,0.282423779220943
1	-0.21359586894126,2.12782185717478
1	-0.316347175325187,1.15715650839561
1	-0.104364544791232,2.15357625410564
1	0.0142635454452411,0.830877797251711
1	0.0762288460159953,2.12304727983016
1	-1.5133400683255,0.640023380901409
1	0.0949024559482877,1.99856281515217
1	-0.200640691155458,2.82277873322547
1	-0.622249590806552,2.43721102407091
1	-0.238681203589284,1.89474615650388
1	0.174082020707107,0.0277689533473044
1	-0.0962590158714227,0.58590742032334
1	-0.132014538797685,1.46280734952415
1	0.595562096888542,1.69138237216146
1	-0.360356616308557,0.731143796242909
1	-0.342421425734631,1.75040325176943
1	0.0142665452532218,1.23176889808645
1	-0.318790067350787,0.436825522408839
1	-0.336779808989067,1.49694127507863
1	-0.224188407621405,1.84252348191857
1	-0.416274388724004,1.76298457658834
1	0.753428289845499,0.957769038589755
1	-0.580788236624245,1.40206186622674
1	-0.81291125793032,0.1732253900071
1	-0.693177165211341,1.78860919457612
1	-0.272201628436397,1.97652983767267
1	0.444584724093557,1.30988846743553
1	0.209035870330262,1.60368100974841
1	-0.0618635849567537,1.87105576994019
1	0.256496103729358,0.579889532481467
1	-0.724617711546406,1.5140356079067
1	0.0390036030580649,2.59850000474925
1	-0.218083632404741,1.29996077705587
1	-0.0909730719637673,2.99960189806907
1	-0.199222972925354,1.84558033160853
1	0.0566622393154327,0.386055284760867
1	0.176452267980758,1.22310504323539
1	-0.232857779286546,0.819069078628018
1	-2.37089840541917,1.62069650842031
1	-2.2219721149024,1.43847310569947
1	-0.607845897229659,1.62866264970817
1	-0.604887698330589,1.25124720597442
1	-0.593472198634091,2.43562458220888
1	-0.130461741447682,1.1914865004956
1	0.189292533124832,1.41385050908798
1	-0.874787521358178,2.7782501999739
1	0.564822403334684,2.56767685092336
1	-0.688997225780656,2.62728162266231
1	-0.276983774809684,1.00234347930992
1	0.263935084158194,1.3651325683314
1	-0.472303522577081,1.99248694948117
1	-0.00463634842889518,1.42117264342235
1	-0.230251070673273,0.334952377657721
1	-0.345733776612904,1.10758087020776
1	-0.295363229806703,1.44373023510273
1	0.260390978034044,1.10425853073089
1	-0.383244978567843,1.41324203606864
1	-0.00121359050745257,1.02207660096747
1	-0.0979624414820782,1.23080025401929
1	-0.185440684121821,1.38095608252034
1	-0.626201220732151,-0.187772999605858
1	-0.38820715040184,1.86508224283822
1	-0.426660883468693,1.2271509745357
1	-0.711387824391107,2.12781660565962
1	-0.15399597119042,2.41680482770548
1	0.0757731111247572,0.930101115538038
1	-0.0526099852251857,1.20642562619217
1	-1.1753970640954,1.25296075201905
1	-0.172544911636514,1.06606693988412
1	-0.20269102160999,1.93743926811137
1	-0.130054135219201,1.1266657073806
1	0.724887869750885,2.05717912482592
1	-0.152779109758508,3.06721693629547
1	-0.22549914930038,2.41412529336685
1	0.120481594274277,2.61285842015478
1	-0.112413937584428,1.9469808483798
1	-0.233373747648009,0.550936142997136
1	0.376870224042618,1.30066485398282
1	0.146501857631043,2.0088707906167
1	-1.16983812672861,0.323083967568139
1	-0.164108861550185,2.68564812021304
1	-0.247939693482575,1.61380579284845
1	0.422305424771228,3.20957278631126
1	0.0164344066020557,1.08269257826675
1	0.572797415001651,1.85044286289606
1	-0.0908750468660744,0.588640256103934
1	-0.0979347220426123,1.70458394675508
1	-0.35203071361391,1.13282688790338
1	-0.236387223945565,1.50586211021413
1	-0.206030519456742,2.35907607679052
1	-0.220549855015304,0.336640784002345
1	-0.697851667044916,1.06264349134785
1	0.129045326943688,2.10528968847766
1	-0.335409239579142,1.54615052218921
1	-0.436824482348751,1.23102952301232
1	0.192893137701629,0.18469024488323
1	0.0961974030764162,1.86657265477309
1	-0.513205054679202,1.03015096280315
1	-0.208141604232889,2.51670300619681
1	0.48775641115246,1.46870879518838
1	-0.388789223123498,1.08094948959907
1	-0.469025644415471,2.03998934921841
1	-0.0708854049341995,0.00247329439983868
1	0.0378699796364815,1.40509738036631
1	0.0498698586455722,0.761409687059397
1	-0.220524059224691,0.905948370119411
1	0.370724930245632,2.22352246177421
1	-0.229280253310654,0.277709034223665
1	0.313748733423887,-0.701139965435233
1	0.448486628142312,1.41599183891258
1	-0.571778794700384,0.287231292656984
1	-0.594649544757114,0.454173712710198
1	-0.173024707330077,2.40796770640254
1	-0.599887719832528,2.59715070341885
1	-0.524222502875645,0.416194692314603
1	0.580526722767265,0.435666205051117
1	-0.176916123720906,3.99649312969446
1	-0.479066910650866,1.91697099933681
1	-0.328245660246107,1.01994658573827
1	-0.172599438966292,0.774753623417949
1	0.0538068811208928,2.11914998439185
1	-0.179188905959914,0.566879492493546
1	-0.300669823284901,2.79080783892873
1	-0.262816023358204,0.718883078630225
1	-0.76371419017888,0.938419137349659
1	-0.284832906912302,0.219649468306291
1	-0.446610328215885,0.650971001689244
1	0.0641136444017098,1.11468356815172
1	0.491653598589241,2.42403772324932
1	-0.284079159069155,1.44716896582784
1	0.641803797930613,1.38989410625115
1	0.489879834418786,1.84055194952345
1	-0.525561370295951,2.60783931726692
1	-0.0949556697117509,-0.0619918177964858
1	-0.239575166124183,0.857216725205539
1	0.0831293360462311,1.45171721053644
1	0.733490584502659,2.09057708066133
1	-0.873579927888183,0.298581317339707
1	-0.518638586419289,1.09655944236554
1	-0.119163765002853,1.46331049296149
1	0.739524259130155,1.19441385961981
1	-1.51083035763963,0.81789824987391
1	0.0296585286263569,2.84230684047284
1	-0.180654219421424,1.15427255501732
1	0.0692130962481456,1.10880968464371
1	0.231039830740381,0.375416539991541
1	0.402728269975788,0.770787313683967
1	-0.062637200701788,0.0499748136175071
1	-1.7998296141111,1.20966715222455
1	-0.91124974110466,2.10243739370562
1	-0.0188505789661617,0.37297916998554
1	-0.475314372803113,1.93807136177588
1	-0.0313088700994783,0.581635196672994
1	0.230418538081692,2.66796410124223
1	0.381223594295178,2.37845840986368
1	0.311500814549233,1.87371701575638
1	0.117906225823377,0.760075030497863
1	0.496531529925953,1.01216800590104
1	0.220958824861623,0.710647801404678
1	-0.244294877707843,1.06913330017426
1	-0.311904759945551,1.92780794354181
1	-0.589715556925241,0.923776046325491
1	0.303547363053219,0.563912681631932
1	-0.111605496318338,2.16641195007435
1	-0.42949678124869,2.28852511645262
1	0.708968408343569,-0.514467271066786
1	-0.40525453399194,1.85261027094996
1	0.454567330238012,1.73607274405477
1	-0.59934856711945,2.01756146582445
1	0.420948245872746,1.89859482976186
1	0.254335676022271,2.44246594937514
1	0.0102278191333747,1.28734167588919
1	0.0629978183636016,0.199163619964715
1	-0.270025782062001,2.01993921731768
1	-0.774310748558951,1.43506570174984
1	-0.421465848586887,0.810098647731802
1	-0.53196192552131,0.269668369724797
1	-0.781499252837607,1.92203443853171
1	-0.635117881817336,1.66750921696547
1	-0.438814224435188,1.58892291646132
1	0.129921660790585,1.00298491130264
1	-0.149262568770144,-0.430278834017404
1	0.169280683085684,0.226396101097997
1	0.176241794268112,0.707437931879659
1	-0.302415608085772,1.46471020935877
1	-0.649698654849203,1.01923462382647
1	-0.073101856109899,1.19852738032251
1	0.232495335947655,2.19695701334833
1	-0.523418626874151,1.27710896725462
1	0.442204811951771,1.99227818672079
1	-0.325094818171472,2.75447587134368
1	-0.383719780920785,0.348049024108892
1	0.199836133729166,0.941801182550599
1	-0.375227720312506,1.26721828738247
1	-0.412750825043787,2.21357969780985
1	0.227527973600407,1.32065523831876
1	-0.113735631128049,-0.503409108133965
1	-2.02502888832103,1.73635099405521
1	-0.425843573399694,1.2649446280122
1	0.301347792313712,1.73955108945647
1	0.203079999374094,1.81049204541849
1	0.186605331857574,1.09324629363114
1	-0.208214207973852,2.40007887038216
1	-0.558098691281891,1.04108584226046
1	-0.187718374599522,2.01765750283059
1	-0.68251106293415,-0.109109569400742
1	-0.710827751232165,1.33042636312838
1	0.25223054373446,1.64147236033836
1	-0.239302870362054,0.151589599443797
1	-0.18336848330622,1.44140991199708
1	0.0485749722163022,1.57135105138903
1	-0.443936470195492,0.854211222117752
1	6.09934894203384E-4,1.49585921338035
1	-0.355908389728946,-0.0513687523276458
1	-0.132529573717343,0.231785226786858
1	0.21483694151505,2.11114335462739
1	-0.211604928468161,0.516370273585802
1	-0.646817173630227,0.445253136245216
1	0.218883791379042,0.376920765350392
1	-0.00720612963644299,2.81120317206305
1	0.144691936730709,1.90602558229832
1	-0.627193228249892,3.2724875903896
1	-0.253574966412537,1.71614422040117
1	-0.290335194395358,1.60263110453868
1	-0.024675377249822,1.64797843659768
1	0.0401131075986352,0.834688555723342
1	-0.0480103184652788,0.412875991393631
1	-0.550351138718338,0.484411891372948
1	-0.539266234348277,1.45279247350161
1	-0.336261984111836,-0.200747448619017
1	-0.143512982514995,0.990724323324073
1	-0.187089734680353,1.53191780910586
1	-0.0051119928454646,1.60175577809895
1	0.0222688737447941,2.02989126356153
1	-0.551509262608196,1.17535650213509
1	-0.257518229607333,-0.0371667008813357
1	0.78345553539465,0.28014714158254
1	-0.424347581890162,1.52130671156451
1	-0.128125349650607,2.09135121473864
1	-0.574574693714582,0.807815969346854
1	0.322582835568044,1.58206355971733
1	-0.178922829642576,0.42485150586001
1	-0.808986251235616,1.39612486936154
1	0.199054098582502,1.66595673770999
1	0.192108301968436,2.36548204785058
1	0.586301364088975,2.21728175286788
1	-0.0116856149445614,1.8373923119216
1	0.305164276230928,1.12405427206803
1	-0.0510705893401273,1.67598260038545
1	-0.419431608356278,2.15883973774172
1	-0.147235251814617,1.54329295100258
1	0.392906761182077,1.61314439373107
1	0.280264012764267,2.70981369433712
1	0.433663271592191,2.1931271327385
1	-0.225102756801573,0.274162423003451
1	0.223075879913041,1.7512854305499
1	0.313675902862034,1.57045304054855
1	-0.427407783149093,1.4576316799236
1	-0.29921535593304,0.728218520811421
1	-2.28977847041561,1.45140675961705
1	-0.49598894304962,1.21041002927465
1	0.590209121575888,1.97300702065231
1	-0.319677413996193,1.35802340114304
1	0.281937933403036,1.81746053461246
1	0.138169214157467,1.08059029755933
1	-0.655383974647213,2.19801437175581
1	-0.183026263747777,2.39734826065936
1	-0.0772266703781287,0.172191944466978
1	-0.115346912160968,0.201975290034913
1	0.111308188756777,0.72705471691729
1	-0.175493887169997,0.908564323375196
1	0.176760302141612,-0.0334128402201623
1	0.0277809308396879,1.67456610612138
1	0.153688684256378,1.1024389931072
1	0.0494623063455779,1.88645237071117
1	-0.331963614975368,1.07579424907995
1	-0.634128350167059,1.30635055376046
1	0.210207433337001,2.95686048700736
1	-0.460477425078058,0.986366893954503
1	-0.26396595712197,0.904179374788589
1	-0.196235801977859,2.29096247640582
1	0.215853198709763,-0.514001726087924
1	-0.149958427430886,2.74874837418201
1	-0.0845732241612312,1.16519184155898
1	-0.305583071210457,1.46162247168848
1	-0.496229713711505,1.28302851973666
1	-0.124878226493614,2.99037482513645
1	-0.379743684980217,1.65969978383718
1	-0.0079520831258951,2.95051716676923
1	-0.416394894686076,1.99058912614287
1	-0.524648192047785,0.210919745288327
1	-0.607825938482736,1.05430949533789
1	-0.315137175402339,0.283168375627983
1	0.454314686665166,2.57989940321748
1	-0.0712128848400142,3.55479577280231
1	0.127032920957666,0.401141068555663
1	-0.187225133248731,1.95473331150792
1	0.156034298117923,0.581375294495943
1	0.235465269917627,1.38008958161483
1	-0.592734056040596,1.19260198761844
1	-0.100930999686308,2.14389864088521
1	-0.726517545386399,0.730705717466295
1	0.0590908300667025,1.04678109354294
1	-0.0488194332686522,3.04558917181243
1	-0.973486192552869,0.722510040297432
1	-0.666043405998154,1.76330937524043
1	-0.569658318101719,1.00453356659651
1	-0.586019856516821,0.303378378876421
1	-0.357524036462363,1.97216556170922
1	-0.36597345488112,0.852039342174092
1	0.52077057256107,1.22838642547745
1	0.730075517466835,2.94836113145474
1	-0.0441219916032946,3.12234028644348
1	-0.683417914496639,2.46500503943308
1	0.222712526613178,0.883344673320345
1	0.0914143386090066,0.122381769464409
1	-0.200602166348562,0.499429324658255
1	-0.0415341113783931,0.40894195001578
1	-0.558925439058591,0.928923916458405
1	0.765141808638229,2.90159191205199
1	-0.589801785150787,1.11405314052836
1	-0.680007166396072,0.702329988995731
1	-0.0583596045396888,1.53278353789178
1	-0.0216747919456926,-0.0722982017155716
1	-0.441178326708938,1.40128249777689
1	-0.781086572920143,1.3299696940138
1	-0.145882751302015,1.27428099914286
1	-0.370254149322043,1.14162348810364
1	-0.120826527005744,2.57579473747059
2	-2.16075566950948,-0.842868643361427
2	-1.98818534302111,-0.43170410834772
2	-2.36570726487422,-1.09001634859198
2	-1.32254091713684,-1.45189922398808
2	-1.38139104701456,-3.20655489935086
2	-2.16387977160954,-1.29206488120767
2	-1.69643236207428,0.23246750877833
2	-2.4284765396678,-0.379062005268765
2	-1.60904355494675,-1.05518904558479
2	-1.99080149813589,-0.665025124094618
2	-1.59216647801253,-0.278820824229535
2	-2.41407351180101,-0.794841117381563
2	-1.99613923824099,0.0986961875503897
2	-1.91873977776879,-2.16390533954055
2	-2.25157460812732,-0.0293895803440056
2	-1.5887144893251,-3.37285486045232
2	-2.05897392736559,0.0883874236829248
2	-2.19623746261838,-0.680137717597138
2	-2.78277688802251,-2.16774802474741
2	-1.69140625759262,-1.02127825854339
2	-2.65667931421979,0.393091223331031
2	-2.61152355784117,-0.572800527585545
2	-1.62646133207849,-0.370280497679786
2	-1.93953157607919,0.55129495569263
2	-0.573668920041721,-0.547329698961436
2	-2.74169116854251,-1.14277150448841
2	-2.02447702636285,-0.906132813378719
2	-1.86163415861634,0.39881501480566
2	-2.36347276479289,-1.14637767734308
2	-1.9670860954593,-0.942427953140028
2	-0.723256920415996,-2.31268295155796
2	-1.99161841065315,-1.03260012325518
2	-1.6120448405007,-1.95111222265273
2	-1.60967120168222,-1.27375576228969
2	-1.82794760074509,0.1757097089239
2	-2.65660423668598,-1.11135368933864
2	-2.42672650495504,-2.74210898536332
2	-2.74037431193718,-1.38664315634073
2	-1.65077602130596,-2.2556441973267
2	-2.0726083512039,-0.930744261118907
2	-1.8333599334998,-0.413497602743076
2	-2.02100111527674,-2.18846047556688
2	-2.1460365337451,-2.58978516659581
2	-2.1494260753848,-0.773765096904147
2	-1.44970708851532,-2.01981119570728
2	-1.78212171977209,-1.6722359316054
2	-2.1241209920928,0.144812352420397
2	-2.6802882789207,-1.44907889448261
2	-1.82375708348708,-1.7022009973404
2	-2.09813231488518,-0.731367006598103
2	-1.31722221218106,-0.625700091765998
2	-2.37382883816516,-1.4861003657949
2	-2.00661284002821,0.439548534816914
2	-2.2486682306894,-0.478795828248306
2	-2.14126858020375,-2.28940361255049
2	-1.9498154446055,-0.429022529235957
2	-1.89498561410224,-1.30131650585377
2	-2.08935272476523,-0.160990809900419
2	-1.94913756479197,-2.00929789558899
2	-2.03530814717711,-0.877297213650375
2	-1.82582030593478,-2.69657488671643
2	-2.11395173286053,-1.59458037078033
2	-1.81893442056371,-0.857607703029146
2	-2.25627543657772,-1.08487966105786
2	-1.61877766444408,-0.848787235245632
2	-1.95828597725236,-1.05201943951833
2	-2.19067996792613,-0.185540647354043
2	-1.34198167031359,-0.949432111577407
2	-2.04314867725611,-3.00720702033716
2	-2.89372831922205,-0.298049759814062
2	-2.54561685506345,-1.26673248766771
2	-2.10822819589276,-1.51364762705579
2	-1.77266503800559,-1.31546008361276
2	-2.18386652734649,-1.51896769182506
2	-1.88966913330504,-2.21076008848246
2	-2.77030911718146,-0.168553626983417
2	-2.05901141608153,-0.788974774658923
2	-2.34142260111222,-0.216798855873975
2	-1.62224464065077,-1.27653085421021
2	-1.94481136434809,0.776511282937519
2	-1.84648944182607,0.306246427465348
2	-1.99647798861651,0.137412708606549
2	-2.13830530785059,-1.34905535136477
2	-1.70385312855844,-0.885498639379259
2	-1.8594607227168,-1.78720413843189
2	-2.68116549775594,-1.57782577659155
2	-1.66166719174281,-0.576590661966695
2	-2.28117631545406,-0.797628968916491
2	-1.92185565097783,-0.970520586132214
2	-1.88161267077622,-0.698740387552837
2	-2.15763738221215,-0.424086875631942
2	-2.34548366900512,-1.20921321821128
2	-2.25692107435305,-0.929506859918116
2	-1.41217516420372,-1.58595184811074
2	-2.69361831833766,-0.695944831704732
2	-2.36947657313679,-1.43152926345998
2	-2.14108984916496,-1.13887037874984
2	-2.03500837371275,-1.95000926709571
2	-2.73293909301727,-0.453509984939779
2	-1.91360502067321,-0.943328251959623
2	-2.73093325547116,-1.29949565970402
2	-2.16465445568805,-1.7360107977899
2	-2.4262515911224,0.446929442964785
2	-2.86261505053062,-2.40151662367762
2	-2.06370762572775,-1.36078986937246
2	-2.87244000249212,-0.189527379083698
2	-2.11480883813459,-1.1890306446486
2	-1.87595112891623,-0.989867328407149
2	-2.2473501613011,0.0869763346286978
2	-3.17990093015061,-0.68984380326541
2	-2.41137727323523,-1.55364351178355
2	-2.42252641741209,-0.224743183747372
2	-1.94136842886855,-1.05723693522882
2	-2.9617816499883,0.815056604095763
2	-1.73609158628283,-1.3908611343272
2	-1.55038353479483,-2.05265831122611
2	-1.27113019246958,-1.04772344195758
2	-1.81382080692634,0.553772282766118
2	-2.52296415960992,0.268771978934368
2	-2.51338099713439,-0.445400293892944
2	-2.33371442377528,-2.30856730724278
2	-2.43363689071837,-0.688292137036334
2	-1.03958901481257,-1.12360140115203
2	-2.40088959928954,-0.738487451799007
2	-2.03107690908725,0.760292596695447
2	-1.80935824208977,-1.41887966000198
2	-2.39350583140137,-0.684495224597241
2	-1.77995293933276,-1.71383044628264
2	-2.21388060102499,-1.59925152628394
2	-1.40903751052525,-2.68326333140156
2	-2.40585880004312,-0.804311312357347
2	-1.73113784413234,-2.70781972481033
2	-1.84978016038989,-1.02482123226182
2	-2.76893160690664,-1.44324256338235
2	-1.03259817443805,-1.01447599557233
2	-2.37492483578982,-2.54297393694489
2	-1.87768985211625,-1.72551066785495
2	-1.95687233741953,0.601875556317199
2	-2.50626312242355,0.820011700923064
2	-2.85731687067419,-1.03452018675685
2	-2.44777946029095,-0.00567995589878867
2	-2.19331168518246,0.731144366356093
2	-2.39304719415566,-0.179439522152252
2	-2.42090443663955,-1.47465470762134
2	-1.08945099698641,-1.63558888857748
2	-1.64330532753845,0.0418781393522234
2	-1.96632868955911,-0.100544200632231
2	-2.17873560633866,-1.44584398144788
2	-2.40709555158253,0.123804532994228
2	-2.11958759868358,0.151029450366654
2	-1.59799240464923,-2.18329019798888
2	-2.53282038449317,-0.646659451763233
2	-1.86721342930362,-0.191777249421221
2	-1.9652954138707,-2.5856222034294
2	-2.64302460677594,-1.41034074746641
2	-2.75752745788879,0.98993298290815
2	-2.3069348490501,-0.772352138117406
2	-2.48422000599164,-2.45273449179808
2	-1.74242115634319,-1.07092165828601
2	-2.08270052548473,-1.94462597802429
2	-0.937507464530693,-2.60921599427702
2	-1.49048892653399,-1.97178301305212
2	-2.08027002748295,-1.00709841084305
2	-1.62613975636116,-1.27749686606175
2	-1.55366795374431,-1.92597002800682
2	-2.64559471722455,-0.627005840699332
2	-1.27615556956699,-2.07775930919631
2	-1.49051154936145,-3.63404802969948
2	-1.91584849509868,-1.06841829771504
2	-2.34629282406188,-1.01617453074209
2	-2.38217727126698,-0.547468778543534
2	-2.64449973155169,-0.24457575109666
2	-1.98750593391101,-0.99146311733799
2	-2.33573099953445,-0.861306254548931
2	-1.88110275312851,-0.529330027298741
2	-2.62566998058585,-2.29397790272916
2	-3.11483191747325,-1.92393208230103
2	-2.17322822848739,-0.515688172416503
2	-2.39672580042121,-1.71906061033647
2	-2.0849120906294,-0.737230610105477
2	-2.46073102255959,0.298152602660921
2	-2.6487918300032,1.31838316586283
2	-2.69520498604362,-0.86303132754583
2	-1.60441114554083,-0.794695867870703
2	-1.69058514510168,-1.85481778684396
2	-2.16254320172609,-0.160906975936424
2	-2.33688029086232,-2.03836476432947
2	-2.74545424353486,-0.949938154651087
2	-2.09310098661065,-2.05570906540739
2	-1.2874433301163,-0.979272817112526
2	-2.2710254463544,0.363576552247784
2	-2.3107357013704,0.643883994220999
2	-1.95262656132342,-0.181230488931117
2	-2.241781426846,-0.541366908210081
2	-2.0004979872921,-0.578716235938673
2	-2.44389629458215,-2.34461529836095
2	-1.7590454808268,-1.46325825445441
2	-2.5264285355027,-0.343163365225147
2	-2.25834918015364,-1.8601816967831
2	-2.20529340967276,0.961172690870193
2	-2.64841195070633,-0.57466460530589
2	-1.65488412096954,-0.903083064766496
2	-2.56206998697007,-0.847155760605379
2	-2.49128060558226,-1.02881170166665
2	-1.68506140775465,-2.82327159887427
2	-2.29654259537505,-0.460978057199006
2	-2.19635776208994,-1.71286754237702
2	-2.29079005930007,-1.63047255311092
2	-1.91158229445589,-1.40267105640017
2	-2.07847742563143,-0.700381976427651
2	-2.0385989519764,-1.50037106489653
2	-1.91415481660468,-1.14116824514609
2	-2.30596308948108,-2.2760876850221
2	-1.92001997774153,-0.32155880890642
2	-2.14651608849107,-0.728770145372504
2	-2.96760319919462,-1.2605059450818
2	-3.11867145799608,-2.94571292108695
2	-2.28443472622494,0.317797601404586
2	-2.09999679638647,0.327835403337027
2	-1.83803514482172,0.289218390911892
2	-0.992665212354307,-1.6503327702571
2	-2.41511589858647,-2.60781099523333
2	-1.0705018096421,-0.181600357524798
2	-1.81004979296723,-0.662464245928923
2	-2.18946569796444,-0.253893049786816
2	-2.29755125531146,-0.709148311193406
2	-2.70962113209256,-1.34323645586516
2	-2.28749434143719,-2.70303346975235
2	-1.81122037093272,-2.36377335610536
2	-2.3627977273931,-2.02686674502174
2	-1.45947039720212,-1.43871154582594
2	-2.13668077947097,-1.34831566778718
2	-2.3311279241128,-0.889177242984023
2	-1.30225918929388,-1.52721541520408
2	-1.37751977380366,-1.99838137046509
2	-2.26900368116643,-0.846720852712701
2	-1.51652034402105,-0.826532134038716
2	-2.52057405527771,0.336625424957167
2	-2.38779583078375,-1.05010683545974
2	-1.84014782157859,-0.556513174441789
2	-3.18391476037939,0.845152538054901
2	-2.65142430755614,-0.31346951784206
2	-2.17082837754614,-2.22391996688424
2	-1.69077382564703,-0.168923291211209
2	-1.71511102297811,-0.426179194133499
2	-2.57492915719069,-1.53716618505328
2	-1.97403387514192,0.276716924357862
2	-1.84997052473057,0.57887604945142
2	-2.15039742500232,-0.428702926925314
2	-2.14546934689861,-0.15104910408595
2	-1.63169104815749,-1.29887058551551
2	-1.98566373615513,-0.128787759188452
2	-1.92952289541491,0.0264410665190183
2	-2.14304273212367,-1.45574874816568
2	-2.0941344658033,0.549359126835197
2	-1.10654774918741,-1.74418418266686
2	-1.15396108073535,-0.894615185108946
2	-1.66922326742448,-2.31173613960966
2	-2.03614509436937,-2.2329589483942
2	-2.48590855451507,-0.914807344162075
2	-1.43457659698295,-0.00437684745670031
2	-1.49066389576054,-2.22113172350368
2	-1.94194654929568,-0.0251244378792103
2	-1.62723679100925,-1.91751820723247
2	-2.35181963811004,-1.12986212193512
2	-2.33874367092618,0.343806529815742
2	-2.04531200891796,-0.59684566112214
2	-1.99599782711539,-2.30993314833695
2	-2.57951532252162,-1.32360793006476
2	-0.323581015378119,-0.785007731028958
2	-1.72623364466235,-1.54757595718509
2	-2.39138468891302,-0.0939208318042738
2	-2.19376041528855,-0.017940845159775
2	-2.18294838526064,-0.328131423801896
2	-2.14031223516735,-1.51893077829301
2	-1.24669706100462,-1.74187527543514
2	-2.79327816604439,-2.23322590726916
2	-2.26515277183983,-0.837770328677091
2	-1.75485628159331,-1.78165919874371
2	-2.14447993119524,-1.56469318813019
2	-1.29667333997386,-0.875590723012215
2	-1.63632842711729,-0.538591980455775
2	-2.85211376064751,-1.81293355995141
2	-3.02778972673912,-0.290159726623674
2	-2.81482915509221,-0.208337468827088
2	-2.23952172315295,-0.0571688712245745
2	-1.60478194901164,-0.465014881752807
2	-1.81118510737963,-0.668938962304289
2	-1.80836686470915,-1.30098793018393
2	-1.92685576871412,-1.25071830128223
2	-1.54890485665587,-0.993108296839171
2	-1.80155834379132,0.324682005472752
2	-2.34675337619091,0.140515300973193
2	-2.51368147959874,-2.65017605306157
2	-2.26776888887213,-0.503217538096165
2	-1.34438204865458,-1.00856300701725
2	-1.95641451936409,-0.902237542540155
2	-1.2726663943533,-3.02501056701221
2	-2.35044458061168,-0.229216582626129
2	-2.29933734649237,-1.41253270850702
2	-1.71041700745893,-1.20091222320008
2	-2.58947933925792,-0.277038315928499
2	-2.2135092559782,-2.87772896987764
2	-1.99306119836333,-1.53233159016497
2	-2.35144189447975,-0.913895719276934
2	-1.1284173502366,-0.0745545939221802
2	-1.03845460496929,-0.388362534272609
2	-1.87126624855476,-2.16827204108999
2	-1.78118672927984,-1.87051937247282
2	-1.65015714248738,0.134888367325977
2	-2.49211217981065,-0.119601758978355
2	-0.518377721997853,-0.785830116337416
2	-1.97280403032164,-1.61982574943473
2	-2.64365716042264,0.467038177257372
2	-2.14292773469951,-1.92653364220294
2	-2.44478004704316,-3.43292717952006
2	-1.9427864093066,0.0559257532175613
2	-1.76973819522236,-1.52026345420235
2	-2.1373109724064,-1.15057767810254
2	-2.39271501647595,-2.01579803344238
2	-2.20527123631709,-1.27021894305377
2	-1.68817451712669,-0.831316405352302
2	-2.59785162038524,-1.10839929110006
2	-2.66917402178176,-1.24833386024284
2	-2.32779656118255,0.00518315065627128
2	-2.18270703216586,-0.682876097512586
2	-2.32211397170153,0.499695803925512
2	-1.86210576368446,-0.320042470413448
