0	0.350607009897033,3.33709916116439,-1.07363902127451,1.07679900379331,-4.67105713524326
0	1.60644886029207,3.26017370890952,-0.896815025760654,1.4877534570817,-3.77014724728324
0	2.14152686229839,2.2866845023743,-0.848729454416786,1.32155312322453,-3.41447073978182
0	1.93210098758806,2.82599697443513,-1.17923215365527,1.51510213798946,-3.95282628485936
0	-0.227365961115971,3.77938244635206,-1.15572075799869,1.46670057686885,-5.14335404768439
0	1.47312887828107,2.8151704802294,-0.967290432443531,1.61010710725817,-3.72809537805487
0	0.00184263939688922,1.74239511402955,-1.3592606656742,1.35763660721315,-4.66262307316266
0	1.87905272124161,0.716149826352373,-1.24899430675182,1.33090332186677,-4.03898243706422
0	1.88444253322279,3.60096711909085,-1.23695470566428,1.82018059016309,-4.37542123979436
0	1.57489326507115,2.5673957263591,-1.00157147596303,1.92219829815937,-4.59508406417118
0	0.875840141604986,3.34351867416975,-1.39247189804983,0.769476154410751,-4.71050516646877
0	1.31732660184188,2.72839984578926,-0.880095584364049,1.74228212362281,-3.29178166232709
0	0.914726583321857,2.96751953482761,-1.2657780185596,1.65298683363425,-4.1845324443188
0	2.109096735481,2.94876711699769,-1.25225096350899,1.94518677608053,-2.67605541855037
0	1.07522910319563,2.11685004736392,-1.18464335124586,1.71265894309466,-3.77778219072765
0	0.698455106516884,2.67299568433667,-1.08360355919906,1.46475297969981,-4.78987842669616
0	1.22629658271062,2.39404991965351,-1.21759398185892,1.19696366570686,-4.07085361294669
0	1.2156020353977,2.53643553532107,-1.06124294967953,1.17434781596323,-4.46020708595827
0	0.889511795617795,3.7536599392013,-1.33338170462782,2.58053213128882,-2.64144478747972
0	2.17031241885969,3.21312205670088,-1.16774926136672,1.66113431918296,-4.52932331516326
0	0.423333713068746,3.88176787593872,-1.02244726634873,1.5630254644715,-4.5377381689784
0	0.20406765644872,2.87319027974036,-1.21069691951977,1.84867365214474,-4.15835967717122
0	1.46372685991543,2.65897511723837,-1.2365767676435,1.68294150442786,-4.09823025818442
0	1.04333686433098,3.79654326292129,-1.12624409149183,1.82683604290162,-3.87768714360929
1	0.265505167774347,1.10714440001675,-1.28195390807336,1.61834661394971,-3.20005835350885
1	2.60409756627336,2.58830190675696,-1.29979614451935,1.20593918985948,-2.53610170104557
1	0.711162578772447,1.96204637827081,-1.19735600402757,0.721050018936736,-0.966358233322227
1	0.536434702557251,2.33631646353465,-1.14251364942046,1.23887933054761,-1.91107818474126
1	-3.05357129951904,3.26006434548188,1.57942636846091,0.609488625831403,1.3322544295176
1	1.67016663242443,2.85828746500308,-1.13715418814009,1.14293761732231,-2.08626008863975
1	0.454469724330021,2.92598388514155,-1.36877357273998,1.64713473539704,-2.56946610683862
1	0.112303851116961,3.1363583063764,-1.17426089027628,0.675375483764635,-3.34836119901021
1	1.04514071439962,2.21170023117964,-1.00779674674341,1.22681423492904,-3.14091356034251
1	0.112159268579171,2.89721273705859,-1.31013881187965,0.851883175487896,-4.30202566288849
1	-0.0444821659705051,2.07773223794665,-1.24073399682051,0.990501214719255,-2.93773012025803
1	1.28111184723265,2.04373292563139,-0.924322802851751,1.0820178743263,-3.10789764164187
1	-0.189340228312367,3.19884907347697,-1.2673649375077,1.45635207401136,-1.57880565331072
1	1.18173619211809,3.12215395163389,-1.1251057723946,0.64558916089615,-3.11196651706748
1	0.313937596614382,3.33947495606423,-1.07953973835513,0.910732451798607,-2.07027070450829
1	1.70369355492885,3.404954958414,-1.29204406823233,0.376606315823382,-1.77614585608618
1	-0.312057142845343,5.12380321319112,-1.02603453328338,1.32144149953116,-3.07599288144046
1	0.548892564051282,4.53299975826821,-1.14351069675537,0.744720110640435,-3.79698500678664
1	1.07506236055534,2.58118374134512,-1.20317006120035,-0.382454404091713,-4.07210673882771
1	0.490968145818889,1.76894635226964,-0.829150549939143,0.748905280832734,-2.2535828307652
1	0.968959771408922,1.91018585717102,-1.13250793268254,0.383236627567573,-2.19733577265827
1	1.43800767278971,1.44934662338918,-1.15532875514082,0.449679357317273,-3.11320699284757
1	0.273306554001191,2.16160581487942,-1.38119356401799,0.789879076824054,-3.09456761440825
1	2.05555899211943,3.79130403828075,-1.32116860618232,0.120211506185504,-3.62310242247806
1	0.639015868413726,3.17873650825938,-1.36173085894667,0.145372024409394,-3.06183051445257
1	-0.180275017339611,2.56103861670819,-1.18898786038667,1.01919526722186,-0.658068715406101
1	-0.171807893885607,2.63299131626363,-0.909125095554966,1.08143800600677,-3.12793064867892
1	1.07305971523713,1.41393555691835,-1.39517623418925,0.996686287034095,-2.89909332005299
1	0.346292889708692,3.9835485563472,-1.06050519655762,1.20013251001434,-3.35494170288696
1	1.01275829582292,3.17069965780697,-0.962539966785324,1.02901401138718,-2.4710173578565
1	0.488707847322813,2.169568977154,-1.19073832071266,1.12725393053626,-4.11426871524272
1	0.725867983492397,2.67107322702994,-1.28684461327675,1.55683515800368,-1.22607123348261
1	1.48361745813002,2.56068300837851,-1.29310570226756,1.77258569474846,-2.69270859409063
1	-0.0533476262114199,3.31979425489825,-1.06689372161185,1.15983220877078,-2.14607750790813
1	0.336904954611641,3.63972998247679,-1.2787155812521,0.691175468309076,-3.37534201102501
1	0.902680851365427,3.95447541344377,-0.884933802947026,1.32835484673967,-2.40564214097461
1	0.876180597743224,3.07383591346608,-1.0483994130685,1.24437079595853,-2.60017696337573
1	0.805010538891107,2.53083908542176,-1.28184746804016,1.26468926762263,-2.75796380013437
1	1.02357868139272,2.25755743545355,-0.981998590228391,1.08483748567615,-2.13162688179642
1	1.21050177240182,2.46286527437111,-0.883710701827841,1.2204504898252,-3.73268562183323
1	1.10643879382456,2.89998272129374,-1.28434072999908,1.12912716530721,-2.29999930004888
1	-1.0004435720027,1.57643235345335,1.88972273846234,1.28001361585665,1.05699449689349
1	0.976007986131627,2.87467866411,-1.12429218319355,0.940589650490537,-1.5347123852469
1	0.0572957700758274,2.61228708643194,-1.09773449502933,0.9039313612458,-2.04400215896193
1	0.946814537585195,2.73433421524938,-0.9829120579906,1.46430548296723,-2.80535072702613
1	0.0765433017510216,4.14577332921528,-1.19683446719136,1.07854718198585,-2.94060097548026
1	-2.83451609345349,2.67267709790521,2.24002124732678,0.987500000434774,1.75852868805653
1	0.425935704551538,3.30372386883806,-1.03398188522101,1.10876834150103,-3.27502500194779
1	-0.484831980026256,2.23084180684223,-0.865063429668156,1.32567822192044,-3.74671531250751
1	1.25530800043213,2.799000494649,-1.25782251364275,0.942514444384894,-2.47481052896184
1	0.685070001595645,3.85775066918055,-1.0990964078254,1.02355651415255,-1.43708374311093
1	0.965498251554619,2.85787237320926,-1.25183858729388,0.747142967176731,-3.58675713161173
1	0.168954973330663,4.16043470578367,-1.25715199316528,1.45783410337277,-2.40468493289248
1	-0.0617812222986207,4.66857212538338,-1.2605694456091,0.520964057842485,-2.166359064616
1	-0.69797289119291,1.56697912254052,0.919956281811593,2.19692926362279,1.86931911883632
1	0.0120348596892699,2.79614959783398,-1.14368296632405,1.45313945979601,-2.26736761126465
1	0.80974674914122,3.43251109627813,-1.1768121042764,1.2742187654608,-3.12542487263481
1	0.140295008533587,3.12578750178366,-1.16360022149964,1.00290369346211,-3.45142272781862
1	0.410110345478324,2.9978345458071,-1.22602770065201,0.818942598741751,-3.10878058548396
1	-1.0996369733161,2.30684168166501,2.94148476985538,0.881510645491792,2.13412673233978
1	0.452057844842617,2.58376015581109,-1.21440826889409,1.05159383464152,-3.30724731792544
1	1.56931146480814,2.75379383445631,-0.82778132861853,0.892977994927622,-4.03860133335495
1	0.169136342106346,3.5736162408375,-1.28434867550718,0.572062119248706,-3.85748723224379
1	-0.825039992056313,4.41887220689481,-0.950061963770994,1.3220058388614,-1.18532619020875
1	0.717203211969451,3.07999362978061,-1.35762793303064,1.19346816572287,-2.02885156287872
1	-0.465850377222668,2.66542010309431,-1.15902202606857,1.54976055686175,-3.21861335806861
1	1.34200965324138,4.48727096500325,-0.828207377511214,1.00541381599929,-2.0436377593702
1	0.355397324436556,1.95660271416453,-1.06167778970504,1.58924112459188,-3.4332681561963
1	0.185067960046243,2.99169155140187,-1.28901997117052,1.51724350141769,-3.53347422597033
1	-2.23582995001795,2.99706851328469,0.901090338567059,2.3542833967397,1.91507704393153
1	-0.268719345763332,3.05639301802304,-1.16714165042139,1.82094607620204,-3.56050259324714
1	1.14171626536622,2.67038282711293,-1.1266168096173,0.783858442924907,-2.6674496983197
1	-0.940440250190928,2.60380092847093,-1.01259341848847,1.77650551017172,-1.48541369482618
1	-0.489246140782392,2.40630824096932,-1.17839266221308,1.33507370833441,-2.51928286472673
1	0.538977487631889,3.04516591527202,-1.04657016900577,2.05001926747888,-3.26399109490276
1	1.41292942169559,3.79053896556196,-0.918363428869429,0.903434669878492,-1.61931793426227
1	0.0542655389831519,2.46260586570261,-1.27623580985227,0.194076247094253,-4.05342029093386
1	0.154569063897467,2.8801180369674,-1.07738626759723,2.14602539639172,-3.11967077711039
1	-2.02540471126548,2.54450283109409,2.8314585787253,1.11234508642439,1.67773932907464
1	0.547300942094385,2.41957689256796,-0.916845882283492,1.3589026542024,-3.08888562324019
1	0.428857911421683,3.58508392058529,-1.3256442478594,0.939614958879225,-2.83558304965697
1	-0.495259938320971,3.23659510172883,-1.41940537396194,1.56652945877772,-1.73046968382721
1	0.255612117372936,2.44272760530382,-1.21278725189344,0.942306483790648,-3.50454679313126
1	0.560272404603525,2.59727355298468,-1.24158979974795,1.0599998395197,-2.56864804955757
1	0.830334976170632,3.94680424829344,-1.21548181645822,0.80465628698314,-3.38945897782035
1	1.10405801088568,2.74816102023783,-1.25070640623624,1.21636819431938,-2.4760061521831
1	0.175829961931749,4.1369512036777,-1.00332592224897,1.75938140609648,-2.3659208682339
1	0.806619522673084,1.48089556998583,-1.04785719695095,1.13019015924677,-1.88959378886091
1	1.80270663901847,3.32622840808729,-1.13734775960945,1.13567512115074,-3.4927934524805
1	-1.10133099893106,3.80965674879319,-1.08655891074675,0.760372212781047,-3.28192199486326
1	0.53429010937728,2.77173463498958,-1.06929802892004,2.22599023011545,-2.97635243714901
1	1.15835981220076,3.06418736173541,-1.04692022886926,1.30967014537521,-3.41063948377081
1	-1.14598887614816,2.52441981741473,-1.22791788135602,1.04435045794756,-2.47179222542612
1	1.18458975436058,2.95998751232189,-1.10838009405735,1.03680352511313,-2.54450328837782
1	-0.362046018568271,1.94001233276541,-1.19108955193761,0.678554804122225,-2.64931552156626
1	0.790752745392196,1.74413114660788,-1.17465711875017,2.13946742284462,-2.78546603980758
1	-0.64752999667768,1.66324408116689,-1.2494157891894,1.30943595680212,-2.50146641162247
1	-0.323915861110597,3.51449778961087,-0.986134338115768,0.532966337349957,-3.31605731329735
1	0.236723403142396,3.78595564721258,-0.907784912732941,1.25341504157855,-2.60429866072198
1	-2.73101413362113,1.8734821568555,2.18700361711853,2.21585768720261,1.77785163178406
1	-0.681478113103996,3.65810695483579,-0.885000796854902,1.74902914222871,-3.37145742090529
1	0.672827093430279,3.67379135382759,-0.931896147568616,1.44742104873647,-1.87499384152053
1	0.96135480380802,2.70972279974241,-1.07952288097137,1.2206949211536,-3.58779453740803
1	1.7686017487332,1.78536417922153,-0.938735426180797,1.46749728260918,-2.53579043587333
1	1.88762354659995,3.41990392924666,-1.16102502929372,1.32314699003313,-0.718292167137759
1	0.229083709901945,2.87710591827163,-1.13550435514998,0.581206963573798,-2.45839737755037
1	2.0294350893335,2.26575127351883,-1.15638348129271,0.709790426075744,-3.60725492063067
1	1.89048978399097,3.19910044282632,-0.955559175045005,2.37606811699135,-2.12162559008361
1	-2.88487244764564,2.50107897092415,2.23042766869228,1.91028230185467,1.98789152999694
1	-0.531782968044753,1.51011467898868,-1.20368135330731,0.551123726676118,-1.9964681082514
1	-0.00503189235578705,2.72580289217457,-1.00067687685376,0.848266039015458,-4.06455288498404
1	1.96316591696237,3.91503063480718,-1.04512845470275,0.857393691900785,-2.74253616873224
1	-0.112869422402274,1.24768094166034,-1.21468379161962,1.06465215404987,-1.99992592913361
1	0.902869734641155,2.48555112739785,-1.15065969964286,1.49199252765922,-3.73852974023535
1	2.03473210581865,3.32158949559035,-0.883872506398465,1.12088280325044,-1.01267631348296
1	1.31960554017795,3.65739819454428,-0.903061913801328,1.87550709022658,-1.82128315055811
1	0.580010959376122,3.01603730160862,-1.18777401347462,1.47091352308217,-2.39102806402913
1	-1.26833506631368,1.73744911725127,1.674367500557,1.64176981278974,1.72161943537079
1	-0.0102795712133894,3.28670122077535,-1.23626233521003,0.300688499373034,-3.91397615527365
1	1.41592866650575,3.19062402788325,-0.87271367559767,1.06296595725873,-2.89468896195558
1	0.441881674571989,1.72375010970126,-1.08828096951756,0.234681540427841,-2.51917644332356
1	0.357568172962724,4.98114261688042,-0.944242337303329,-0.0482839472587946,-3.65163447519485
1	2.09497421833236,3.64445397871401,-1.04204212073978,1.22042404954413,-3.29882029334202
1	0.831776185958108,1.66824572275819,-1.41834407101627,0.738655825810417,-3.63767725542336
1	1.2227055421867,2.82033333060782,-1.12684804067035,1.35741699058935,-2.17277534590677
1	0.778303573168909,3.82996810205354,-1.2843146613214,1.7670826884322,-2.09986583670443
1	0.12387010023501,3.01530386658164,-0.927236330671558,1.1913678168729,-2.75822068697194
1	0.0766486692056995,2.2223718758901,-1.14698200375087,1.12982771535578,-2.41967090948694
1	1.21083931776089,1.16364101734572,-0.913982511732637,1.44629450319549,-2.30501459431828
1	0.622888280321994,3.13468040853108,-1.06493810696164,1.91971845505996,-2.11873727688256
1	-0.627370024262671,2.24806348875256,-1.15061468960557,1.78648277217101,-4.06779406828928
1	0.948698105501726,3.7166742851881,-1.29255219215793,0.899372378864106,-2.7102307887432
1	0.697670124370719,1.00012387187195,-1.14437426054112,1.31802028388717,-2.10571801446368
1	0.316795823437703,2.97050818415488,-0.850147452050561,1.56763638895844,-3.1890121178844
1	0.814638724311465,3.13251194561892,-1.04366087276826,0.65795430459901,-2.89253682335719
1	-1.27756065888003,1.7300094193682,2.8712212339491,2.56522090076113,1.71938894561399
1	-2.17983858246726,2.91588495513988,2.79023865090486,2.73116360728955,2.72664739679482
1	1.68830406327851,4.67952817555563,-1.10452777689971,1.33104947829573,-2.60576643109574
1	1.56302449608939,2.67886563784633,-1.37055280805272,1.00587643306278,-2.88595396817194
1	0.320625845666101,4.10137346051908,-1.111441399218,0.934417685901688,-4.66086936899784
1	1.80787836416132,2.55875135016359,-1.16198769648513,0.872544874370425,-3.24630887089598
1	0.29463600983668,2.81555196397389,-0.913175786706178,1.03449383767325,-4.31816721717331
1	0.512434369028057,3.68500108626878,-1.14549810303542,0.731483146331895,-3.71734251923096
1	0.426770201528712,3.14361907647259,-1.23204346716902,1.22509984447513,-3.25393375236604
1	1.24753364206376,2.54703493330618,-1.10185690360792,1.76608854799545,-2.78927220832978
1	-0.079221631568786,2.08468115842474,-1.25562784601441,1.4832652290729,-2.79160051856367
1	-0.0656104575053144,2.3583294113069,-1.19938607160082,1.48738246113536,-2.686924829759
1	0.727607348466037,3.6380786740663,-1.35510258582282,0.54134360582996,-3.62321143674119
1	1.10755677068606,2.85926548955309,-1.06352112628157,0.404892462610731,-1.53392563876692
1	1.2967535762617,3.57519825032412,-1.28018806143432,0.86957849898852,-1.24256309497214
1	-0.151829548176408,2.79846532473708,-1.42326972212259,1.15229999301202,-1.79467368954412
1	-0.338581548173871,1.67317477928422,-1.08863200484499,0.551966610892592,-4.49699459586132
1	1.37186703825066,3.385634204091,-1.24266850998072,0.434841343930236,-3.67155073888648
1	-1.34573154835149,2.31846341536687,-1.26338576906411,2.21312941944459,-2.71224105158997
1	-1.32688941169591,2.4969074417494,3.00636777975228,1.63801218007078,2.34444875718885
1	1.87353959808845,2.70526577365703,-1.05941918080958,1.43243334421674,-2.63311371001387
1	-0.615259868269142,4.49758394630621,-1.2379207755594,1.79036105874952,-2.81694005025599
1	0.106182569507616,2.90052289723149,-1.19291408977293,1.14825195507417,-3.17391086342481
1	1.34594913695164,3.28391177530205,-1.05901437765449,1.281011060963,-1.7048606293228
1	-2.76954884271877,2.14474066661285,3.7031492434335,1.03637460617839,1.40322111018411
1	-0.0282912640137624,4.63159998505208,-0.81276997148836,0.984260358897647,-3.34708865826827
1	0.678657765478348,4.00877487022046,-1.1700559692857,2.55670139760157,-2.54124108689281
1	2.15367797531518,2.32901831715048,-1.07760339106368,1.04870980902165,-3.28995782839654
1	0.320326125181304,3.1768675840588,-1.05242383287781,1.31660944697605,-2.15257158450679
1	0.374662506008548,3.33382426355515,-1.38009749878,0.74079038833533,-2.63142319935086
1	0.688964279639352,3.06259429807158,-1.12199098097638,-0.0680705098020413,-2.78617962286923
1	1.89064020217289,2.79960373881259,-1.15136553453636,1.30234206894062,-2.48312361044866
1	0.710217540195142,2.93242531902671,-1.19400902067281,0.932425100338597,-4.42704610762857
1	1.59488024109979,4.38049424471332,-1.07201122809328,0.908824726042448,-1.99460330872117
1	0.966606742315902,3.18191261187998,-1.20447718376337,0.689043264847918,-3.38739917124967
1	-0.39474319445303,3.52934302391648,-1.10017507735186,1.05009059833723,-1.32230491271564
1	-0.49444663544475,1.27685304097814,0.595165964875412,1.98172729230308,1.37250269955084
1	-2.86851671000329,1.90136517771816,2.95764490012718,1.28936219012286,1.34940584524034
1	1.12993422596831,3.98758613602973,-1.12844331039212,1.40588027465883,-3.37882501708779
1	-0.0948915340386529,2.24652115435849,-1.10615480241007,0.62015894865216,-1.36615517660403
1	2.14842205056167,2.76095930786397,-0.858020142066947,0.51237329415938,-2.46588700644693
1	0.165705319026651,4.26238524453572,-1.3331584063154,0.745940992450343,-2.8576638778812
1	0.438349163097698,3.14149006547783,-1.07599706572164,1.34515226323957,-1.98070787235465
1	-0.374132958268261,2.98542813741223,-1.00246863184394,1.28377955300148,-3.30857618310541
1	0.485740606413445,3.731566261354,-1.03413522787805,0.869593468707095,-0.671101580383471
1	0.881743712937188,3.80510757192262,-1.29630727852465,1.22641349644243,-3.63482152071204
1	0.84783929845878,3.42648701759151,-1.08611643208321,0.509264654739493,-2.04477364308265
1	0.364630370514058,2.64227066058244,-1.23579780446308,1.40013027022974,-1.91776463685771
1	2.25256088156102,2.29827521446375,-0.864274128045267,1.28470789227706,-2.80231728334083
1	0.650495418877891,2.09390125846572,-1.23988457314572,1.41666660469877,-2.63622057642821
1	-0.0151612341264868,3.12334079597687,-1.11110781733349,1.10058679451192,-4.15918706170338
1	1.66481019657341,2.44171091237087,-1.18627443718622,1.09560775773814,-2.83304678219985
1	1.37924838111345,2.39893129454951,-1.1827495727303,1.01698103208148,-3.22296530684724
1	0.226388940566171,2.61011084819415,-1.19158878235493,1.03003756667838,-2.33314840783592
1	0.878331770801709,3.91919663697778,-1.04471702685416,0.923515133712405,-2.6347762293344
1	0.155633146568238,3.22960169055709,-1.10236120565203,1.93783626492912,-1.56695844639464
1	0.178030367922932,3.34611282533776,-1.11566472743511,0.625682878085138,-3.40750937375037
1	0.215975847073905,2.99367375999175,-1.12190868081847,1.86186843435553,-1.94144486292996
1	0.463992641363311,1.92611127075442,-1.30634888746698,2.00091313176625,-3.17191005574396
1	1.16168320858584,1.75506621202554,-1.2211715422938,1.55880313374702,-2.81600409169714
1	0.793581651437182,2.82113655101962,-1.23911763911141,1.59819174798513,-3.24150813033024
1	1.34721710168495,2.39000240003697,-0.914157207504646,1.05294271730013,-1.23439439303469
1	0.944500387367042,3.13581936622361,-1.15463058825256,0.641968355583088,-2.24072425558984
1	1.19997478729549,3.90072216199934,-1.12065000311072,0.435507734755738,-1.88009308452113
1	0.884590500026953,2.68667376555855,-1.03789048855305,0.583680147339565,-2.91336408544422
1	-0.0972583442763197,1.77756766715671,-0.958223651502813,0.240927147170352,-2.22961155885606
1	-0.118541421264409,2.74175856309053,-1.38035114881354,0.624255789893351,-4.28490699285913
1	0.796405468912262,2.90656299934421,-1.15058841054229,1.2618313338115,-2.21080870555801
1	0.147126981737208,3.52181101862614,-1.3174647096793,0.98632851236849,-2.39943275330082
1	0.44463997413021,3.73107029290913,-0.824645003755579,1.39351172808115,-1.66237510323684
1	0.488141307392877,2.76717515613936,-1.02705199727685,0.308787609615346,-2.97758477943309
1	0.0813940209870658,2.55304574508858,-1.16809598224608,0.40780583220745,-1.55209820723349
1	0.23239492822907,6.4591213411596,-1.06870947656151,1.87564115689929,-2.50497953963471
1	0.611832195437787,2.52434069244315,-0.879551484954655,0.990699000948797,-1.69434248961388
1	-0.252751575950109,2.56241603844469,-1.22186737069504,0.614216144757083,-3.00393804957117
1	0.859993185606325,3.14401206035224,-1.11182458870026,0.747654627216197,-2.57410062909223
1	1.71298279996654,3.38134456798063,-1.17007400457853,0.961975221650349,-2.50180945673757
1	0.983421478819635,2.19665003981909,-0.953603827231501,0.703609406136578,-2.39885275940692
1	0.860985943828548,3.54372848094857,-1.13733919323696,0.853396102317746,-2.74413124561965
1	0.367962640013939,3.21064424753704,-1.2224165830852,0.811485540232446,-2.98362183231406
1	-0.245921706366033,2.423525565478,-1.31276979492712,0.990233127711934,-3.46404539894076
1	0.923210171438103,3.47757676481034,-0.830517123604287,1.37143523641286,-3.04407021045242
1	-0.605901771692413,1.97742127962273,1.78299721878529,1.46039597381253,1.80640175579551
1	0.707364491743344,4.03346253045209,-1.35519944799308,1.1829603649414,-1.50795587396743
1	0.62844208031111,1.72373695994661,-1.32473690231051,1.13515139529545,-2.33444311118982
1	1.41947450159796,1.78604113466866,-0.952930012266219,1.42748067860481,-2.6385562068876
1	0.835939214458676,2.31884145784933,-1.10652616026008,0.735752715795464,-2.98797866567444
1	-0.60278431495097,3.54536702571888,-1.10677523406768,1.89003078422282,-2.99701637127514
1	1.50327562822121,2.69347664426524,-1.03555180035471,1.13210090218445,-2.93423175547262
1	0.606041181910242,3.23337716732654,-1.17614670020279,1.66213964188067,-1.49454316326035
1	0.967050595740165,3.44864239361501,-1.06072389400266,1.23964393511881,-1.59059733951443
1	-0.459915082247178,3.2276075112597,-1.15714719338849,0.700379048337731,-2.51090158224042
1	0.760798850972,3.7520839915849,-1.01078975013609,1.21044711112932,-2.2269683428706
1	0.955763226439939,1.74248803780419,-0.894431114441907,0.384990546960748,-3.47100700652725
1	1.09424147431355,5.0633720301741,-1.10157802264338,0.639642539197107,-2.11989572864986
1	0.464944393548474,3.45560326122939,-1.11648266797546,1.61963863142514,-3.25880578625115
1	0.740793063258463,2.58268256357411,-1.08287642518412,0.936547893849363,-2.76263066476977
1	0.786038736222381,4.62534416880548,-0.955982625098611,1.0425315482682,-3.58754766570574
1	1.40069400299755,3.26990998198932,-1.12299370777108,0.867811110171329,-2.01158543628881
1	-1.29147148696573,1.38498785301885,3.20299406408603,1.98039483008911,1.8535066377795
1	1.18066339843606,4.83658423197166,-1.3332282642425,0.626684425504168,-2.8371918855472
1	0.40609508006785,4.09939136863402,-1.39587510551719,0.548971872305816,-4.29657243117268
1	0.154692273565082,3.55123103240646,-1.10867032828843,1.59983698117876,-2.96955759661718
1	0.772346875518487,2.72945218869153,-0.858844959965145,1.9930505633167,-1.79153978054556
1	-1.6613244447765,1.57900441232018,2.59349843117695,1.16390311934553,1.34221828417393
1	-0.342842510237008,3.30173713678566,-1.18364473450005,1.6727237621374,-3.91274496938073
1	0.633967760560525,3.39059216884686,-0.880142451343589,0.402223252836266,-1.59591644601037
1	0.91603603964841,3.26387943987586,-0.930756967951743,0.967520234841049,-3.27486989510146
1	1.45546728817738,2.46253732409474,-0.974662102268721,0.726365469747179,-3.52223719917321
1	0.43520382658151,3.37653885094846,-1.22692107391967,2.08698751837453,-1.19095947005731
1	-0.0176582981854888,2.90360976247058,-1.18642348095756,1.43076532296089,-3.98315315088418
1	0.772153927149109,4.3271224547972,-1.13917740336878,0.384000223119795,-3.23903246524207
1	0.476564527704374,2.65762095149369,-0.86338003739129,0.901039369439618,-4.12209666695414
1	-1.49300430996648,2.25933690190585,1.00660339584719,1.86303790872216,1.37718855055241
1	0.468409084302602,2.98566280546033,-1.30790882936079,0.656221028857858,-2.85317669916435
1	-0.222889293837527,1.42749865697896,-0.952344546677729,1.11107654791215,-1.55014712622828
1	0.474784496640603,2.81328907031791,-1.22367366762452,1.06455762528606,-2.17659032822603
1	0.808490071103358,1.77034501119934,-1.12961816506344,1.31014490298548,-2.62748037178241
1	0.0324956732612696,2.82855555941032,-1.33926543693567,0.986129435106124,-3.15586653420058
1	0.513030070832835,1.68453084401427,-1.29747348597794,1.62234373368927,-2.24657451704247
1	0.389625907683827,3.39660975974765,-0.891077502027635,0.39511646749284,-3.06941852431428
1	1.02280176087287,4.35184961388077,-1.11968397250019,0.607254748628265,-3.10539086902941
1	0.678229740444452,2.99167071754064,-1.18426226608072,1.0937061139438,-3.74358269492632
1	0.693387587898507,3.14416521312163,-1.06172182858538,1.25368156851276,-3.72744623319773
1	-1.89271238469232,2.03539765520921,1.34371989558876,2.7437292026712,1.8307817587567
1	1.37721500651469,3.68850610336586,-1.27819251951095,1.97368398301376,-2.33320618211979
1	0.0523979104377926,2.16750086779372,-1.0525803162381,1.18306960580759,-2.2857336615313
1	0.992993722017191,2.50109244980797,-1.18857588869506,1.1691813391173,-3.29513683274632
1	-0.149878676849082,2.72125107119321,-1.09514190861832,1.45260693373554,-2.67181780323693
1	0.299068558308497,3.36054394457213,-1.05416625768947,1.19310902832768,-3.97642093562403
1	-0.0205002048840575,1.48296487144091,-1.18929432136378,0.64483049529643,-2.72442290417298
1	0.355327859568085,2.01130722108795,-0.949117649659971,1.06810163526079,-1.80977569505631
1	1.23399305045366,3.57216612875192,-1.17492795797371,0.184451549959755,-3.89762207071839
1	1.15733442991076,2.58946414187607,-1.03421239783672,0.975834899243952,-2.34282882469272
1	2.02357376211718,3.06041770728307,-0.952886063055879,0.775049631090812,-3.54984277648761
1	0.334494434924864,3.81677700750815,-1.07448889226345,1.24980935231167,-2.0564919099667
1	0.805314969812883,1.86115844132344,-1.13844406919902,1.29052247514773,-2.11520684416181
1	-0.806698633741296,3.18616865793325,-1.43502121399852,0.373616419352497,-1.50947982275646
1	-0.347127009735208,3.37428675745474,-1.22955575711303,1.47023056088273,-1.65922047140832
1	1.05603143618885,2.42209983316267,-1.31090993166497,0.836273126298114,-3.63951126870072
1	-0.374125343405264,2.12378985489414,-1.07986863801337,0.707647272588488,-2.55629959335477
1	1.15257888170629,3.18365105353495,-0.981959535295341,1.29201960896132,-2.70874999275584
1	-0.281062255896351,2.16106304654726,-1.05467785288892,1.60007793316112,-2.11159214514771
1	1.48451264422981,3.80084858279176,-1.29680467470606,1.42218686935704,-2.49429831547207
1	0.342760030242166,4.43795732492646,-1.02981152558022,0.846179249174795,-2.55498106977882
1	0.219510132437852,2.75427574342086,-1.04230285343371,0.548703478828112,-2.40720447166269
1	1.64047985906537,4.03633497031417,-0.834871913291652,0.942629265340914,-3.89735319469548
1	0.747209457265163,3.37057470502564,-1.33119398527349,1.4614801233952,-1.45774732098005
1	0.141066457814612,4.77801333039818,-1.09184028809025,1.54300514434154,-1.65015212762261
1	2.44104891205319,2.43691391165235,-0.976725634345964,1.4758381159461,-1.98135384220958
1	1.15047294112394,3.44350287588511,-1.12095884750123,0.914356457910388,-3.47981603837442
1	2.06302041045025,1.85080562174731,-1.23106969392238,1.16608790622847,-3.42470665608344
1	-0.482412058318634,2.73646279705467,-1.11844416996156,0.912764811963352,-2.56233379258751
1	-0.075833239671414,3.82251016925563,-1.34220269352055,0.424619948689124,-1.83638797463257
1	-1.7697744800035,2.10266894066364,2.87846997072649,2.20325052744677,2.11537954387073
1	-0.40623340010959,3.78465543976923,-1.05902421989599,0.329818628442895,-2.36453379351071
1	0.408077351351174,2.63151668635405,-1.13539874866072,0.728382322021316,-3.31520972382411
1	1.82755252741535,2.86079862113279,-1.14391166403604,0.49833786914977,-2.90485638728169
1	1.3589038123386,3.72916323826308,-1.14319072796748,1.15629313351749,-1.6041364679343
1	-3.36796563000235,2.34329352420613,2.40133408659508,2.92008198763746,2.10213328465522
1	1.97621883621412,2.93844385224065,-0.866180135599272,1.07776878767364,-1.99976118519884
1	0.251330927253763,3.49987014456003,-1.02005523933062,1.26228918608791,-2.26770411849323
1	-0.440694696964261,1.40886842524725,-0.999310667581817,0.779331039803604,-1.87086735726898
1	0.0398206094678067,3.45012709040416,-1.00652150033521,1.15089918555714,-2.16115960518546
1	1.39689690188698,3.67334752480593,-1.44013440008387,1.19014186746984,-2.02266393309094
1	0.11655875410996,2.16423609715995,-1.16694098960565,0.852420464235349,-3.5008342243186
1	0.802388401038141,3.91943207579716,-1.13730178981849,2.14297888780334,-0.545525177683581
1	0.732957280853182,3.67360641432295,-1.04440275302121,1.1020782373789,-1.14655886416331
1	0.98028176853627,3.73769960278524,-1.07098350255217,0.853937214934762,-1.98360219765801
1	1.20737581539151,2.63554659360091,-1.11056285766678,1.29174579559851,-3.06054194767011
1	0.690333246070925,4.34400058464285,-0.906920276187241,1.30956502975542,-1.9314270605585
1	1.87031043167626,1.22297207589078,-0.974047158769836,1.61004235290412,-2.93578379598566
1	-0.768277502387116,2.74861514761705,-0.853667464421417,1.7143607916453,-3.61979020153678
1	-2.05487438971969,2.48927333187548,1.01255371703096,1.3141694166944,1.73928546510247
1	0.657621272754695,2.78196962646271,-1.15701575020552,1.65703789661097,-2.64948614526292
1	0.311032059649734,3.65440302810969,-1.15204306607724,1.66565935451308,-2.56107122237224
1	0.496284286724453,2.87645488307581,-1.18764242766261,0.412171622080861,-1.49793875818298
1	1.32102076807687,1.9167350437114,-0.824225547286595,-0.0391890814474316,-2.89639566707202
1	0.697153951681983,1.26590204333857,-1.30084202907704,-0.226736743372834,-0.888034091793938
1	0.338867358856718,3.92950790142842,-1.21470335763288,0.427488517062458,-3.79317260805904
1	0.0670257549357135,3.77965535730884,-1.03191122010393,1.11816270074552,-2.68364304312574
1	1.04628594451744,4.60693035696811,-1.0979778392124,1.32405274556805,-3.1281892709206
1	0.425571338370573,3.32204792441718,-1.02230439314095,1.43208290187246,-2.98585209234439
1	1.8507087066062,2.89238654564841,-1.20352913110046,0.871199243889225,-3.32503048379926
1	-1.7250222055706,1.94460934991977,1.27674002659516,2.75613256114545,2.1112954086467
1	0.802464915056704,4.3830891369026,-1.04862358187373,0.487881853679295,-2.05168502270872
1	0.0443095488030262,1.90655784482848,-0.888319185796792,1.60154718130141,-2.45482127096911
1	0.412032903292296,3.26213688734641,-1.05270930640417,0.733902571276452,-2.60978121215589
1	0.475696436869678,2.47816059010694,-1.10227000240673,0.698775039464907,-3.67039857916049
1	-1.62004797551109,1.39244942470448,2.11289296142219,2.65954043271521,1.71656201889891
1	0.732965278093881,1.8715341786877,2.22446282973148,0.568804107855409,1.59634835033447
1	0.650785185153815,2.5421051851528,-1.03886769070995,0.946961637817879,-2.88379792034547
1	1.06560955685823,1.67189932316963,-1.01283973798912,0.396441525367572,-2.43883410545341
1	0.853153590851891,2.78487092186907,-1.29831680076499,0.929744309335549,-0.425646669520182
1	-0.677958263439916,3.68793373714617,-1.12680322959758,0.887628964353376,-2.61291027870149
1	1.11353899915696,1.17053103783516,-1.21122412936147,1.35090225487159,-1.71758141157785
1	1.50079524100363,2.67712028608512,-1.03052964428993,1.12793857119312,-2.3370809832308
1	0.990214567879659,4.06832949788848,-1.32769978722008,0.907448572064785,-3.12015031378776
1	-0.963600737151331,3.89461454979878,-1.19072480284691,1.25783152942003,-1.8970656517324
1	0.574403484741438,1.77694157681912,-1.064960158912,1.405597672767,-3.37353449970464
1	0.129735190164714,3.17443503262843,-1.1450769659916,0.81368543014149,-2.37395810241208
2	-3.36849428032381,0.758671824558197,1.21010607788181,2.05429724518156,2.92421390107797
2	-1.72511700984392,-0.470707722893995,-1.93124817926454,-0.888412575319865,1.55295639058134
2	-1.83330053018273,0.0543324638042371,-1.46290969039075,-1.85382470404882,1.61802109726189
2	-2.53045806432976,1.30244406556472,1.70821523590789,2.07700736161687,2.13215208351166
2	-2.37397569936138,-0.995527327356001,-1.28183547122249,-3.29971210932761,1.62331349824785
2	-2.67493948183265,0.74604609000492,-2.31508404412557,-2.0651405039882,1.61801913345793
2	-2.72000842686955,-0.123626415817152,2.22236589166813,2.19851118557126,2.19956181773398
2	-1.14980159477598,0.0220467228810584,-2.49448597572637,-2.45428191777071,1.60645113386221
2	-2.6706250022096,-1.38785156452575,-3.34086170699381,-0.617153950327917,1.64890073748563
2	-1.65138890501886,-0.584636883288006,-3.09638451692565,-2.82534665584978,1.6300430937699
2	-2.31967810939402,-0.890446062524517,-3.62141798920261,-3.52870173867023,1.68081587566286
2	-1.22578965337057,-0.0573967004059732,-1.57370198510816,-3.00467863297245,1.66006000809622
2	-1.43234229280002,2.33662852858556,0.901407585200914,1.05368009682042,2.90198946018514
2	-2.56045328832564,-0.57306401680341,-2.21804592221269,-2.57330864081215,1.58852616381402
2	-2.82325725807478,-0.669223774108842,3.08343262223409,1.148084489213,2.42173494560698
2	-1.2851885021944,2.03213569920267,1.77929547541065,1.2729154156985,2.71333689031944
2	-1.88779980109346,1.57097073377586,1.36457726771832,2.39612696895979,1.96649547644909
2	-1.4452928159278,-0.911289919300032,-2.53825485829102,-3.33873982780202,1.53093934696127
2	-1.27497227699189,1.83701605077081,1.18736693436526,1.86959202692737,2.22614580944526
2	-2.51322389148709,0.340808299525875,-3.05779893788213,-3.04369890152446,1.55968476316503
2	-1.51634960679536,0.570181536285902,-2.39807973463752,-2.46237394295113,1.58554825997941
2	-0.165733450068392,0.0514567128483108,2.60228875426262,1.52045752781644,2.67535878875338
2	-2.87187812385825,-1.55454104881808,-1.8827878716685,-2.0697856767523,1.57373511850031
2	-1.58700661398086,0.514945161716998,2.06049322490869,1.92841545321277,2.18278671038841
2	-1.43054336929766,0.793471148594363,-2.05387692878495,-4.14456856343217,1.67616606005812
2	-2.72635600627786,1.65145384532418,1.07904836432588,1.31693310261061,2.57576084567651
2	-3.9941935129265,-0.577512480472558,1.16241392818115,3.31722899217102,1.73134599075815
2	-1.84886998319651,-1.05453867973999,-1.33720096615313,-2.04817353490563,1.59925821921352
2	-3.93105617931887,0.844651310231039,1.75921183030266,1.69431467945329,2.90730949337081
2	-2.41751873337566,-1.84241811490406,-1.10254984552676,-1.76347618022028,1.58096616858727
2	-0.926128045224503,0.152213764085981,-3.64480818988835,-2.25745065762946,1.59973305730905
2	-3.34678078581052,1.25663139829421,1.07834104028771,1.70570549459283,2.19395411956668
2	-2.59002543301433,1.46455517620826,2.16338402343957,0.314513366876803,1.959507705854
2	-2.86029799289075,0.96437012735009,2.38391497487333,1.16926743041407,2.5281228788397
2	-1.50859075776001,1.25140781284673,0.266519123579944,0.87436890710387,2.51808925826343
2	-0.86170515394455,-1.11333975040205,-2.10404281441542,-2.80003218243304,1.60774109130832
2	-2.63196033233201,-1.19977604686101,-2.31108548214002,-2.77194883831013,1.68852469942509
2	-2.35246910116119,0.228220144250554,-2.62243189994658,-2.21004432827523,1.64214674102811
2	-1.85994804789622,1.8951371496716,1.46119121747631,0.412698088422133,1.96786605067624
2	-2.09341375684523,-0.450292692384291,-2.09597019722391,-3.26858688001071,1.59627684800612
2	-3.78402684498832,0.0924420129040726,1.84581033018569,1.10085654808629,1.66419916657147
2	-1.76419593586093,-1.59552587482527,-2.31394636127898,-2.97679168733543,1.59233760663891
2	-3.01505955492007,0.19289903955666,0.708013081598536,0.398356799397137,2.67459844829558
2	-1.85289164146411,-0.381744676065999,-2.40314398100812,-2.45154044335399,1.53036124077482
2	-2.69969005644218,0.90995055335173,1.59301051878894,1.12471834714941,2.04984651689591
2	-1.66887621021665,-0.735485615027591,-2.42912594240726,-4.20419516995057,1.5703293029889
2	-2.88115410407103,0.610841143838547,0.679735730509577,0.69929243520264,1.51799439444916
2	-3.37607426154189,-0.448275734818187,-2.78972663352034,-2.71753943993638,1.58964202333164
2	-2.72340047288403,-0.558960084044725,-2.77009791506494,-2.7743632943573,1.60368388340261
2	-1.81213025389931,-0.963392254466392,-2.21453040652546,-1.68281352284689,1.62591242996044
2	-1.42907124022309,1.18687858961169,1.26108264634971,2.37838340883477,2.12798507295649
2	-2.9182196002655,-1.1084320468512,-2.80338710954698,-3.74064035551451,1.57275136740068
2	-2.12824681916781,0.568858734604481,-2.16313905448347,-2.2314852604833,1.66695229753333
2	-1.23608289313782,-0.598909240170282,-2.49219085956521,-2.01485732337949,1.57392995004468
2	-2.09957563723108,0.140900815574795,-2.13763229090387,-2.08169027743876,1.62158549064895
2	-2.16448926851543,-0.854565947479916,-4.93585717650343,-3.73445518744933,1.58090625508366
2	-2.09767122230978,1.55717016987619,2.22549578082755,2.17733416092794,2.3826564109801
2	-1.81680091096407,-2.71824963168478,-1.16269103844539,-2.52511523448102,1.66138374783532
2	-1.23511674199537,1.81533285611765,1.76427652902127,1.52319469767676,2.46401641716563
2	-2.81206544039231,0.785970463883816,-3.49206884179017,-2.79531576457433,1.59704056086216
2	-2.72685424448528,1.15532460179688,1.96525874638013,1.52474496052026,2.02544641224955
2	-1.26687890549518,-0.553431872994612,-3.519803124891,-2.51764506088037,1.55088769558594
2	-2.37595062289873,1.54450176390316,1.1690839053692,3.30400267829021,2.40977835051165
2	-0.654408804900085,2.0046459565156,0.854875472068739,1.22550059384975,2.53734293531289
2	-2.13000538777901,-0.108498140251523,-1.33884327823011,-2.84664416036936,1.619041686361
2	-2.47616038217025,-1.99982462930862,-1.39638147445387,-3.28419656381403,1.62798282902074
2	-1.39212799656891,-1.93433514951986,-2.74619532189327,-2.34276764250975,1.61727978952338
2	-2.07895988380375,0.802799919771039,2.19674359872937,0.661546394527728,2.58006140769243
2	-1.42013031043828,1.29455481800951,-2.24220599551078,-3.06220744793613,1.56524635039127
2	-1.59408909204701,-1.53297368478766,-1.53555636640884,-3.32036169779222,1.5940729538838
2	-1.74781357974103,-1.14262746568706,-3.94869777905036,-3.03048657155906,1.57621012323259
2	-1.08886998102006,-1.19384860334323,-2.32094827668551,-2.3228309424092,1.60777715492732
2	-1.9074765165102,-2.43152406085864,-3.2298614077692,-3.09297372163461,1.60430459667069
2	-2.61372443148358,-2.50845241590814,-3.56798271552679,-1.930851568468,1.65162174298344
2	-1.67194888051332,-1.28400616135883,-2.74769031828448,-2.47906833443646,1.59508552647416
2	-2.10137611473237,0.928016020528508,0.529521903424563,0.317414908462265,2.6396408983652
2	-2.50891813671375,-0.170046903732982,0.9498756962145,2.61478419805146,2.35328691298329
2	-1.10102419802826,-1.38838739123822,-2.20825057704788,-3.10600302181084,1.62618883548407
2	-2.24463967974441,2.37977485853086,2.35190474724141,1.68035667779255,2.79097063705722
2	-2.42991077907119,-0.460103471723159,-3.08357649661282,-2.3317665688812,1.62094468528439
2	-0.90830422687613,-0.368131099532929,-3.87663825756279,-1.82732965355787,1.67530196695
2	-2.13862699796441,-0.735274811603507,-1.4572904249798,-2.27183062870763,1.60734429629744
2	-2.26556555314286,-1.14260845986542,-0.856769489744133,-3.08205403819615,1.57105025249087
2	-1.92998964624188,1.10622552412396,1.19403587156578,1.66303983233589,2.0532136457138
2	-3.60257794083528,-1.87930691539079,-3.23484613236522,-2.5767047123687,1.67834063902581
2	-0.795745215558195,0.521382930017551,1.75859880975244,1.71198230899588,0.982386578625903
2	-2.55256647698346,-2.05052881887582,-2.25704766741768,-2.39560965084684,1.50417633314318
2	-3.29061063503347,-0.078292700207879,1.6472691208022,1.40151871985525,2.37074551899533
2	-1.87793169908715,1.14695070613897,1.13948216022883,0.388457124763573,2.17397981365543
2	-1.6606115595575,-1.42000988820046,-2.35462621450528,-3.59726067123582,1.51772838711258
2	-2.20557609968577,-0.952551926613056,-2.65432254031285,-1.87499108600843,1.61319691207846
2	-1.38105790223811,-0.911905234631231,-0.895889256711297,-1.51521805316186,1.66741754606927
2	-1.35012811107856,-2.58213643897794,-3.60895015128326,-2.67756692315922,1.5698350774619
2	-2.84137143493422,0.532116417241243,-2.52091937899969,-2.41032189276079,1.58221126351311
2	-2.80180683828755,1.66269392078223,2.25638539811672,0.508329406382602,1.89551045553511
2	-3.18799710353434,-1.15402374187979,-1.11363125588547,-3.68543959491138,1.56781184737058
2	-2.36587142828632,-1.37793727316693,-1.19686481308117,-2.96655724186161,1.6527055557266
2	-1.62037875846237,-1.53672902967745,-4.13552839468352,-3.6131905221674,1.64439189641631
2	-1.50251806276164,2.12958794951048,2.25921848059578,0.967790643721642,2.59182217277764
2	-1.90057209847704,-1.81088260280631,-3.46477998745255,-3.23690802197961,1.6378033653111
2	-4.07366745352706,1.79644829321021,1.21069971176398,0.433749847089801,2.28083805452595
2	-2.69385496590289,-0.576894683118345,-2.27947139597225,-3.73043957443073,1.62088312727748
2	-3.9828958590986,1.52791417646413,2.70758458357795,0.656834329940778,2.8981845976873
2	-1.51444131767851,-1.70382680789278,-2.02776800945839,-1.94887993994555,1.57765870327419
2	-2.69157891356754,-0.349094440058894,-3.51569914175625,-3.60191078883983,1.64581862119796
2	-1.38451433348738,-1.21263262340313,-1.54568057284562,-1.73647307819935,1.58816651665519
2	-1.23896395483981,1.59749939232124,2.07656800086589,2.2470057305738,2.6001343062089
2	-1.81877677847628,-2.43301081771562,-2.58281099272479,-1.09730167052141,1.61353695928368
2	0.0688843358253357,0.607261912390121,-0.334542163754355,0.187854409558401,1.78474425695516
2	-3.16467218904908,1.67246596190005,0.339948402296549,2.66431966936607,1.92394034125279
2	-2.58078016035563,1.02744870859126,2.53035378738339,0.611552749891904,1.69516637784655
2	-3.48323884038473,0.0228415787069606,-4.10501114121966,-4.7478112244489,1.62608329357178
2	-2.20866072040869,-0.970028905034245,-2.98185914220425,-2.5167413300354,1.60999278415492
2	-0.679286151454177,0.823221359089935,2.37249873240025,2.07142521003827,2.4974162164614
2	-1.83797767109473,0.364825539340303,-2.5875088086927,-3.36825921815257,1.56960598672783
2	-1.96177225160754,0.525091704130139,0.603361113006646,1.38295882919729,1.73094850063648
2	-1.2696927977232,-0.886073201176407,-2.38202754921895,-0.687172645830463,1.60832917917643
2	-2.0636960302706,-1.15447612712792,-1.28212078188774,-2.70392288595427,1.54723186622234
2	-1.8724739138635,-0.893404420417413,-3.62783143101906,-1.36992420191732,1.68094623582289
2	-2.29027370061898,2.45245336947518,1.08022970575938,1.43080238517458,2.65219245079206
2	-1.15644980116884,0.935589500593736,1.93257504363387,0.250765297334044,2.66955059581179
2	-2.21485722028813,-0.496215044794268,-0.96993892949701,-1.4493407865308,1.63566943608861
2	-3.39542690588954,2.89702108683667,0.332911661947567,1.6972315170605,3.33545247676037
2	-0.976364386178785,1.31021050169361,0.541875970655447,2.22538316779618,2.02645010047375
2	-1.06111974388056,-1.33759188408819,-1.03958536608342,-2.84486452696521,1.59674023866096
2	-1.69575203938935,0.894011088585487,1.29844168242341,1.99665252405477,2.98033517104827
2	-3.35415799512149,2.52905527194776,2.38257196009911,0.559694886802723,2.1411235451875
2	-1.02002676910428,0.383349642560113,2.21581111455225,1.98639100622731,2.06543381831682
2	-3.49412949594387,1.37103226117901,1.27108815698004,0.935297513147966,2.26785850199844
2	-1.8003216043849,-1.49187284658769,-1.10681090608637,-3.81372367759836,1.56628485843544
2	-3.5642171287918,0.912590488456615,2.58607792881822,1.58497025067138,1.18628172484312
2	-1.89021181049117,-2.18105319264241,-2.49685717219816,-2.10093135292534,1.61364297529303
2	-2.64878836184549,-1.05680141530553,-1.85010465285328,-4.65576042401394,1.5600148305542
2	-1.8102252209581,0.130273869312708,1.59187506628867,1.3628148899819,1.99427668456283
2	-1.9515628546887,1.57794862131718,1.78717857383452,0.286700688460647,2.59106866847514
2	-3.43482507085042,-0.577079793145748,-2.29446380971284,-5.23870895692158,1.55305981728632
2	-1.76052636563487,-1.0898186768034,-1.74061741927689,-2.52356547929442,1.6397827867779
2	-1.53008697430019,-1.47952535999114,-3.97160325034896,-2.51245137763141,1.65150758232611
2	-2.41660082971242,0.296674962679755,1.50767493061947,0.668286623948177,1.0693069611704
2	-0.985746339769891,-0.271367379490224,-1.92383125815979,-3.84525899355459,1.61787033759235
2	-3.22563026446536,0.745682274183997,1.66288085197288,0.570688281977204,2.32444521627502
2	-1.90446629350594,0.533913122778304,-2.2649603085568,-4.13473291005213,1.57202309462596
2	-1.23328383636842,-2.10408407202837,-2.34249007489699,-2.12729181768213,1.628048313262
2	-2.1979534157186,0.421108240884356,1.51520918016048,1.34759924730809,1.9054448234958
2	-2.9351573583056,0.346795038047888,2.08068631567289,2.1954180535595,2.29702682677687
2	-1.83867195267228,-1.32385405073959,-2.46758795165109,-2.57763903252512,1.61124393510564
2	-1.52418305094047,-2.41981455394073,-2.22563615382627,-3.23270263947526,1.56445047630438
2	-1.86320365176615,1.22608511403986,1.02187185181974,1.48801297419718,2.67290027608113
2	-2.28346572006018,-1.24971525614212,-3.8876248041986,-2.24670008495108,1.66017588904609
2	-3.29505446563803,0.383385972450403,1.57321701777963,0.891049702520589,2.79817892257002
2	-3.09184491236465,1.76692704084569,0.65270957679549,1.7559115104372,2.71990865907368
2	-2.05614288940664,-1.16244613638244,-2.96158754487769,-3.08019166851402,1.588094445376
2	-2.12584059810852,0.472950909031752,1.15851581699229,1.65706049347038,2.14048788867458
2	-2.70068474863478,-0.466453805483067,-2.56779776614265,-1.07717574401732,1.59214292603287
2	-1.31711674113412,-0.0366275716988594,-1.58822875283808,-0.26766450146049,1.59972831413196
2	-2.81669779889383,-0.690868474746284,-1.80091952934989,-3.9891720762981,1.68777609350914
2	-2.45030754348911,-2.47527736837007,0.0550060057680324,-1.19328989836167,1.54718850411498
2	-4.62495731382687,2.06575671888617,1.69250046177983,1.76083369252297,1.9829556601499
2	-1.40901578738477,1.4943446264389,1.0211730384524,1.38793393592825,1.99516727924466
2	-2.43088474305064,0.271860498972318,0.765506355182304,0.555819616498155,0.899376604416422
2	-2.52937938800727,-0.860876896058107,-2.84742624749814,-2.76986256406631,1.62954615462716
2	-3.36474281236172,1.94496363942662,1.86969887122855,0.957769548610507,1.35117992850964
2	-2.3054702145051,0.571180313050068,2.08078105338319,1.46732685707235,2.16279231748848
2	-2.30860710894769,-0.91429802728648,-3.15205892752791,-3.77132145893013,1.65411103671
2	-3.33180402032005,0.255182390767398,-2.40662780345019,-5.21464463049664,1.59768143314577
2	-1.91422911531181,-0.267006639387924,-2.4908828592474,-2.24311087611078,1.69588402765316
2	-2.77862353371919,-1.70986532085836,-2.32878924125963,-4.75639029815305,1.65269365020957
2	-2.76969058143686,0.678382188797623,1.48739658681378,-3.50066583427733E-4,2.44506601084603
2	-2.38915937364779,-1.18273086561751,-0.148199057154193,-3.87493316485298,1.54238941171631
2	-2.7326046445954,0.438886543269806,-3.13499738863174,-3.50294069518091,1.51550678872317
2	-3.0024591752877,-2.00424577856456,-0.855700660850601,-2.18116064324336,1.53988003633801
2	-1.3511926059282,-0.411224605094603,2.69080362472414,0.446870392863665,2.77958850192906
2	-1.83141283143175,-0.146370304144286,-1.80891267098311,-2.35603029847296,1.61179719242211
2	-1.89904762564457,2.10401036162653,0.788734937867392,1.4212900359255,1.71637098821756
2	-1.78167117885363,1.70485744183753,-0.0598809970580012,0.330239209733283,2.0475106742383
2	-1.4258658249687,-0.849414663299312,-1.84340404651785,-3.22089670664947,1.53572648491988
2	-3.70950716208669,1.44273446145984,2.59823619533223,1.1529655223108,2.49447953476409
2	-3.28431172282985,0.358841241275056,2.68449311807018,0.658997812849667,2.64338236241002
2	-1.618735156937,1.90309076852782,2.10410448259119,2.16995670220989,2.43430095350415
2	-3.35444969914557,1.99976010354207,1.15559024413536,2.73082485490614,1.95482492832079
2	-3.91046139512304,0.457276674606997,0.127539571295925,1.53052226258371,1.91609679886407
2	-1.40038987266814,1.11439146283474,1.69402107007259,1.30786225924117,2.10344279682182
2	-0.729122074745443,0.0204859302478078,1.90506060616301,1.42702638404867,2.15677542047903
2	-2.44653847414675,-1.76911312682053,-3.87126352121306,-3.0742117609377,1.58767191195469
2	-3.58918451698825,2.23721245570057,1.07748759993632,0.738404350446374,2.3511193257568
2	-1.67521280901545,-0.278263646702576,-3.39547391926865,-2.89555112916546,1.63417364085123
2	-2.11121480056193,-1.10826875443832,-2.33225061247603,-2.49524433876014,1.57799998046179
2	-2.38079981474344,0.879531008421803,2.36397906494932,1.59237979835781,0.939052023432418
2	-0.495105849089093,-0.573176358753592,-2.29356432016019,-4.04378624494955,1.65352311069483
2	-2.23131680971037,-2.76344636547626,-2.49694693912005,-2.97043856750824,1.54570139612262
2	-2.30980970127464,-2.20759871525345,-1.75243618313282,-3.70087833511158,1.60068595122364
2	-1.66743769955269,-1.09519221961709,-1.16813568921764,-1.93996769694034,1.68224978027109
2	-0.834068146695608,-0.750802706589706,-4.44407094546668,-2.448928438246,1.62706710620088
2	-2.569615955464,2.3374626974147,2.04631056664519,0.849607827635024,2.58841166916531
2	-2.17567603332034,0.414813049330249,-3.44165494891543,-2.80874147950261,1.62655728539259
2	-1.48739343095013,-0.915730615262146,-2.25377304945845,-3.14327074954167,1.53584690835972
2	-1.00138033253044,1.18919549591173,1.50543121344343,1.0437249075752,1.73407476357905
2	-1.46224603147227,-0.242800850202843,-0.989396137951332,-3.36763943129506,1.64343056396661
2	-1.56004893294934,1.80968104326325,0.796716853445191,2.64595411462417,2.64212919747948
2	-1.48160232051829,-0.502328256386193,-4.10825414765745,-2.40465083109249,1.59387444412194
2	-2.27452728149789,1.17467140394504,1.02645328163063,1.35227043320986,2.33879475668206
2	-3.13648871574823,1.3065599674132,2.90519186511355,1.07487515823882,1.65560955636297
2	-1.83664208015822,-0.329666666940442,-2.10950853313662,-2.12818694016706,1.59256744157594
2	-3.41714449426256,1.14056325746188,1.63160691935886,0.204157919314387,2.40983377135959
2	-0.319990825138125,-1.01722745395875,-2.29840737287567,-5.18902298384354,1.64985882194618
2	-2.15161785090977,0.314935504063547,2.43659740461329,0.932756944321609,2.99788854345429
2	-1.25093840593964,1.15774713395389,-3.1644496166899,-2.23726653537468,1.54835891119503
2	-2.23177873531755,-1.84466365290463,-1.26324113818381,-3.98878492066551,1.67568727823697
2	-2.01186461483471,1.14165547297391,1.96949611257409,1.7958944179566,1.70821330465537
2	-1.83722535730868,0.623241071768561,0.903706782160193,0.563376578826187,2.15444740803143
2	-0.856852472083627,-0.34977143752271,-1.70251380049116,-2.7440731907717,1.69690807162009
2	-2.01171304644582,0.596735010776525,-1.66374770303793,-2.93875314374741,1.64079318909037
2	-3.18450189315932,0.792104350800234,1.75564016382861,2.37673839792841,2.85101161296912
2	-2.68234580741531,-1.1229303705655,-2.14609991092144,-3.09143433140812,1.63061765565751
2	-1.93941266205523,-1.56528339823833,-2.18664410461928,-1.68109757471106,1.5598176740067
2	-1.33337525971472,1.23231143485331,0.674281655657947,1.98832658651355,2.27734120508429
2	-2.13007992237009,1.68009455009499,1.0131552214823,2.37134497023325,1.95871087995802
2	-1.19169156266367,0.758639562295563,2.0517951915624,2.50212009258493,2.71891821487766
2	-3.21583467513504,2.22430072407088,1.04893916577742,1.38809958715537,2.5576931369478
2	-1.54776033509749,-0.572380186066471,-2.79350525209005,-3.47870627643579,1.6316714716912
2	-2.11156952504214,-0.900397367064509,-2.63226895273652,-3.39429341142528,1.5522838020399
2	-1.78425681491572,-0.166429588341754,-2.43126954560988,-2.76568102392372,1.58749012083268
2	-1.41071479318496,1.07529721439843,-0.15118912032635,0.162811291685351,2.05026259776131
2	-1.72777532672061,2.1484411181499,0.906991089416093,1.7711821015324,2.42190657762889
2	-2.50011409552629,1.56818945148296,2.0034021899594,3.56112912797916,2.65047963646458
2	-3.15045349754222,-0.127356995077827,-1.86901097944264,-2.31259299357444,1.5808342508037
2	-1.55418332140222,-0.553411906169852,-2.50334614201963,-3.94423660823885,1.6032780465558
2	-1.74929455024522,-0.716287855237546,-1.66581805078577,-3.44852731136097,1.58629618118688
2	-1.08329591864614,-0.0851221886490605,-2.87986562715902,-1.55430075270599,1.55982346997174
2	-2.54684717267397,0.684350230571284,0.816976035814325,2.42594643428029,1.96114809738555
2	-2.0501802678221,1.12127311405612,2.10773231798102,0.779331578665441,2.38364130564338
2	-1.92340254655073,-1.06549894433461,-2.87212408944778,-4.62410100038027,1.57945430964614
2	-1.70654325105187,-0.453867863734206,-3.84168090239626,-2.70069586000899,1.60803047296075
2	-2.79685766555185,-1.14800565584528,-2.81541866402997,-2.42814226900282,1.64347806813716
2	-0.795944169528883,-0.0909762981997692,-1.56920212482884,-1.93855282244632,1.5995763354596
2	-2.52052177072607,-1.78492451202057,-2.51916940933479,-3.8805024264385,1.58919473070174
2	-3.44104102675483,-1.70876566768902,-2.60491940042614,-2.88628343342673,1.61270941510235
2	-1.67160581399648,0.376461991038199,-2.57985583255889,-2.21414728269708,1.64233617368051
2	0.00109565481621754,-0.38781595130914,2.0105982165755,1.16042753378142,1.71299986750643
2	-1.31015961874812,0.910865109126809,1.5719188783459,2.00051577711209,1.95572936433438
2	-1.99999301492501,-0.193258179962498,-2.61416152147634,-1.94641822865272,1.60577027499175
2	-1.48297694835272,0.272222392956584,-2.28013335354711,-2.02149381774103,1.60910180415639
2	-1.97091081742341,-1.30452842688986,-2.43579000060106,-2.97099787434647,1.636885957825
2	-2.6391714609942,0.330030547420202,0.914898915483196,0.260474987280151,2.44936061138774
2	-1.95269099598998,-0.0528273706917184,-3.46532518360453,-2.24172064353524,1.64443220795606
2	-0.8366427264796,0.330788978844569,-2.77226594078697,-1.77536518356643,1.57836964753497
2	-2.48897167054651,-0.683351691303038,-2.77598911912779,-2.85428093494986,1.69893547926871
2	-1.44869234936046,1.63448378939869,2.09405715940766,0.111532320689214,1.52173486929852
2	-2.18866575459483,1.56421514837623,1.2753665789467,0.236724261196838,2.00381322649526
2	-3.49822966324258,0.527817433247309,1.37112785817868,1.1236602336633,1.52710237983052
2	-1.77346314993708,-2.72114032622721,-2.42021968903115,-2.76084492033098,1.63749668707687
2	-3.31774952226096,2.03592581507681,1.27609177489746,0.258101364279178,1.18309617048439
2	-0.420474659628302,-1.29245204943883,-2.75535580122925,-2.81211835296987,1.62155931555524
2	-2.16123605462722,-2.36767788530067,-2.81596365420006,-3.69996206179277,1.58586789295347
2	-1.78946557049951,-0.282663764816037,-1.38428469282043,-1.93137367109347,1.66500395561341
2	-2.36670109730143,1.31417618650217,1.09479195824475,1.09728624863598,3.09851485389089
2	-2.00683449735474,2.40588175086484,1.50751987230564,1.65890264912311,2.79140159717289
2	-1.42654949507363,-1.86118497299477,-3.66058896795854,-2.42573312874873,1.66020289156443
2	-3.59735532103257,0.0737657873747419,1.4582133812954,2.66721799038126,2.20636201645653
2	-2.59054707281073,1.37091308158231,1.68341688323391,0.610777904915991,0.777778885951187
2	-1.52514455978872,1.1154969652254,0.555549928213262,1.95162501889747,2.15052127120119
2	-1.98560873617902,1.46294239259205,1.36874245303604,1.30569353236075,1.36161201088807
2	-1.99255520125375,-0.367139470945213,-2.50590845114387,-1.93004862381198,1.61222441903624
2	-1.28182789530559,-1.57269593300967,-2.50975583892175,-3.76459975225547,1.55275239325316
2	-1.6779312335018,0.413242630357999,-3.51447207459812,-3.34264216347576,1.59527152569688
2	-2.16856844897573,-0.44731851901017,-2.92350676390005,-2.03480855981825,1.75770316738357
2	-2.65376876110765,0.423914293695789,1.3188419214488,1.17946308565667,1.88947505202126
2	-2.05157020903104,2.35026417096536,2.89534730789579,0.164782835903053,2.3496690205356
2	-1.63997633021088,2.34311819569041,0.516338399216987,2.1064822501244,2.80522227743396
2	-2.1892487721308,-1.66922515645547,-0.446977110498588,-2.79109038198612,1.63808407997728
2	-1.87612184953759,0.904504173188286,-2.25321863355777,-3.08561274198134,1.64303553359174
2	-2.93640825793153,-1.96677368084464,-3.90656458109719,-3.61944586784347,1.58986726258744
2	-2.39371502489248,0.609729612078535,2.49082851939333,1.89255849027374,2.9865267884748
2	-3.081191189092,1.38926737234755,0.769349944998554,1.50969131843792,2.66051560330365
2	-2.65006457310788,1.02675292147011,0.734816381561475,2.13559583851012,1.48414060573972
2	-1.83167453438345,-0.143859319694698,1.72144381793129,2.5821706808649,2.07018305159735
2	-2.36136315150668,0.476729128716784,1.39335297598868,1.49924367805942,1.80314730933068
2	-2.10394023406673,1.75060339132173,0.834167231484452,1.25085912295721,1.85076419803415
2	-2.80526225447642,1.73260870447427,1.41782121206931,1.67313323989301,2.61128392673992
2	-2.5633153081218,0.302906266207805,2.21903510013582,0.810054977424101,1.85116727027296
2	-0.836151263020709,-1.24205746755378,-2.05953117663399,-3.68114717048039,1.62873928298063
2	-2.3660353232395,2.74569730381901,0.703004812127628,1.87597182803522,2.44148432877204
2	-1.81285363789565,-0.988121503441182,-3.71460154708748,-2.87915618806453,1.61703488595096
2	-3.48186688451801,1.25057320017703,2.48159898123092,1.76913035184513,1.6196777390279
2	-1.64564656261,1.87983140191457,0.626642919913456,2.09741450440403,2.43097803105721
2	-2.45301930472959,-0.258023699440771,-1.89571111516844,-3.7607398386831,1.58554692772005
2	-1.03057623807111,-1.2733943512352,-2.11457831667708,-2.62254325816404,1.66710469227209
2	-3.07112415189287,2.12599889008041,2.29995370760025,0.599092203397807,1.94441798277568
2	-1.07682927732263,0.559763036385767,1.93248563901148,1.07527546343682,2.1509759675567
2	-2.76528377800835,0.277106521665252,1.31444884794526,1.35694797752692,2.66647359951365
2	-1.60852448329848,-1.94897072912252,-1.17713191274384,-2.53947587855012,1.62667931611764
2	-3.15628250968637,1.37823649959729,0.996700065631883,1.09159533650231,1.66904785564302
2	-2.05356265445196,1.16851620669822,0.231248727836185,2.26572434587768,2.58367030794724
2	-2.44169251784687,-0.0515382474998181,-2.41849535986491,-1.43024956339179,1.53660894477265
2	-2.60058697175459,1.03459734103661,1.96557079441448,0.654417295784106,2.34272648089661
2	-1.99673826878132,1.24020892120675,2.3875972671051,1.46745144402498,2.22497763930613
2	-1.92925876114914,-1.34598134129949,-1.61267382929097,-3.84483773551126,1.58561452827076
2	-2.32613796703678,0.108227953423292,1.98939910153274,2.16210770937707,1.84238874276615
2	-3.49655105550299,1.87254154365561,2.31720456079791,0.69526888034279,1.5882995178759
2	-4.67384369544205,0.00448104162655172,2.06986912453613,2.36561805849432,1.89584953503377
2	-2.28330380450791,1.2965380798883,0.370156320547626,1.34267563940908,2.3264208590485
2	-1.54597617842355,-0.96924633476011,-1.35710787848221,-2.18798254116149,1.62541173489489
2	-2.20488176703073,0.0116968034280743,-1.52248125672289,-2.71721380906239,1.54973365922456
2	-0.971489308266546,-1.58723245448567,-1.03583859556999,-2.54936973248226,1.6463403120972
2	-1.48755962253708,0.378787162244538,0.80011926106415,0.818004674358854,1.86138227261352
2	-2.09858714002183,-0.96702324241779,-1.37131129904095,-3.13933625170039,1.61861060252009
2	-1.96326419683512,0.0936652240428906,-3.58128097833548,-1.39769386276097,1.66364338404043
2	-1.55501448226554,-1.63894998215242,-1.45929411299378,-1.26930597070284,1.65205090487816
2	-1.15278016292272,-1.26408283573769,-1.59581964930963,-3.82515245894353,1.59793669068252
2	-3.24532521589482,1.15807077941434,1.62595867182393,1.13484905127087,2.08811361879727
2	-2.92625921217516,2.10924276556152,0.876435921546353,0.24144957983158,2.75625383771424
2	-3.81626593287699,1.63791428218626,1.86504362652697,1.56148092496443,1.820469413835
2	-3.35944170586383,0.00820547041822017,1.71562070154303,0.300362902960579,2.82526960454606
2	-4.5795254572406,0.558069436304654,2.45088499889456,2.18311524344537,2.44525635995998
2	-2.2749720070864,-0.263832169245215,-1.22498837138006,-1.68223378151465,1.54573041770471
2	-0.495846402228932,-0.0633783006545886,-2.42502296682199,-1.33753714657553,1.6134033887023
2	-2.44821846167836,0.10800539357432,1.62039495299673,1.27518158399009,1.84028754751159
2	-3.53385838371222,0.7175928859153,0.0473055038978412,1.20095295716096,2.90446499664131
2	-3.35373269276956,0.958859083268214,0.917456171607399,0.767486350792448,2.92480026941641
2	-1.95894835543801,-1.66271419944919,-2.77195844637909,-2.91914612113569,1.66726427954869
2	-1.67519534213039,-1.78417469425079,-0.608750977031723,-3.05208221899491,1.58479797117627
2	-4.12667195916679,1.96460219908138,0.867905868259201,0.490757924343759,2.19094339762962
2	-2.45989963620645,1.92909510710789,1.23105385661769,1.91907412104727,1.6393137776854
2	-1.76501020967565,-1.31709329408633,-1.46162133666807,-2.92307587770396,1.53827866428234
2	-1.4054867927,-0.0687206491195701,-2.01008306120246,-2.63430915916394,1.65150814948969
2	-1.75629203477554,1.87541216514952,0.831616059361069,0.763344420450122,1.94858606466708
2	-1.85935866483329,0.545875723257319,-0.734207339769294,0.76990984084696,3.15334909069648
2	-2.22796657856398,0.905064030468915,1.39738935762394,1.60911584009155,2.11807779650607
2	-2.72352141733648,-2.56969436252254,-1.14380993941383,-3.57755498929829,1.56644626306493
2	-2.84342135738326,-0.64879854590357,-2.37476828787901,-4.0083280332269,1.70221518772966
2	-2.02533402128493,2.58293685641631,0.496368484662603,1.28369044007468,2.08206239622871
2	-2.14837024852419,-1.61301762620992,-3.64863722837992,-2.58157657375865,1.58705416781233
2	-1.33923563738351,1.06971203721403,1.71774322958518,1.10258166377339,1.67978793992185
2	-4.06763981104548,1.22022005861889,1.49527487993981,2.71794306720875,2.5166442614935
2	-3.84210986428284,1.68890631517314,0.936711438622213,1.50307493708166,1.62197459266221
2	-1.85008873798895,-0.324277470917593,-3.00117857904724,-1.60513027766427,1.62623967159954
2	-3.56637697551806,1.20380326524055,1.78983045264189,0.994677744410821,2.4422646125943
2	-3.53459108762969,1.40788754379879,1.00170328840294,1.31788975655058,2.20302929557484
2	-2.02805915979514,-0.652790489131072,-3.00449065794216,-3.51571626982284,1.61188586083281
2	-2.53234977422821,-0.138597861493192,-3.29170766180946,-1.47302164340815,1.6215014566733
2	-2.72923868040222,1.56135232864158,1.93750952799305,2.28683029843784,2.04982701093992
2	-1.6109310742804,-0.756674401730357,-3.89460969207244,-3.76545115823982,1.56004968946
2	-3.08054466016662,2.38997233863367,0.809537047096735,1.8238601070295,2.78752223539399
2	-2.51640020062831,0.464448029474741,1.28205962764839,-0.124685831372535,2.41221553257784
2	-2.26939001006695,-0.872932236919499,-3.31060621693301,-3.08604245212703,1.51357505892833
2	-1.38425843041962,-0.967598490855715,-2.16296595818326,-1.98572174777997,1.68722277411999
2	-2.1004112046905,0.561592299954762,1.7860563448238,1.89991082789482,2.85742875763688
2	-4.10814765687987,1.68268852684965,2.12177419230812,1.35834095341574,2.85847235776621
2	-3.00308831500136,0.463318095569634,1.62875619621883,2.33216480961699,2.20223988910989
2	-2.05999300868806,0.695289169174132,1.27511056841897,0.689719726757059,1.96401633889276
2	-2.49614839241629,-0.310062210133614,-1.91594403971697,-2.20192846205763,1.61117596520383
2	-2.52088359677977,0.380709953066469,-3.48951964235524,-2.89801155665597,1.64629075535441
2	-1.99921040973736,-0.76098436466135,-2.51607780852042,-2.91541297263071,1.64521262072449
2	-2.59329061579994,0.989459824119313,0.597437717473582,-0.629373527431391,2.82553227596341
2	-2.72390368906449,-2.05010576192816,-2.09234673993354,-2.63571076774462,1.60426115068186
2	-1.39752324258859,-0.207426123095621,-3.59576764349298,-3.41812332705087,1.59441767238917
2	-1.29012614368218,-0.64214790307901,-0.863728187358126,-2.96368673237344,1.61604143199306
2	-2.88382132643222,0.923858931058866,2.27515384013858,2.05557981200891,2.69534603463809
2	-2.34472012159944,0.908109098086875,1.12950669796263,0.598276110922991,3.23406290895816
2	-1.97929309279065,-1.63947390015169,-3.61131236405438,-2.50318117002287,1.62239054714263
2	-0.554833094053062,-0.979913348924341,-2.40969793827338,-2.3273181106172,1.52706653547017
2	-0.717775085152377,1.31384202646261,1.54649846801285,-0.0648978139537617,1.80531715541333
2	-2.46530360496256,1.72109650726403,2.67057310348183,0.445575353209484,1.21913086663288
2	-1.81280170258772,-0.204085327141233,-0.968324999186932,-3.49325575449653,1.65793458397109
2	-2.32471379718421,1.34220373421833,2.57316453334171,1.18163895524102,2.95125405871488
2	-1.25972460869047,-0.936970620678464,-3.43992683776588,-3.97083681544318,1.59601740144798
2	-2.17639206122133,0.211631439635599,-2.68942998319073,-2.43708086358831,1.66565657966772
2	-1.53061220208955,0.430508337688401,1.91906569583652,0.573266767106836,1.94914761285078
2	-2.65268517357061,1.08731993101882,2.09421427413591,2.21557371556051,2.88959002524453
2	-1.57757695002192,-2.45058367242164,-3.58860394588929,-3.32278115481799,1.67267159596994
2	-2.32692143340701,-0.594305170123311,-0.776629040666325,-3.6588552034844,1.56000919031097
2	-2.25074592189118,-0.915784446916176,-1.83720056168948,-1.93096092007299,1.64728252010648
2	-1.70699691425502,1.15660270796215,-0.362538996644116,2.3776866138047,2.28948350687017
2	-1.64067417021283,-0.488055782039581,-4.42057790120417,-3.52975928792623,1.56963655548189
2	-2.27120415118594,2.25757576798429,1.55321460344313,0.762045754352242,1.96643936634406
2	-2.10989721534448,2.11421213029424,1.46562660876752,0.938648989825182,2.51897698912949
2	-4.73070705648098,1.34105865670159,1.55018877531474,2.14490823004692,1.66475040442417
2	-2.13017072495002,0.444586549914521,-2.26974090203245,-1.23541388832574,1.61411025979227
2	-1.92591132319718,0.265209041378877,-1.36301046221799,-3.01398965993997,1.66901269341694
2	-2.16713573997767,0.0846570545556935,-3.01108947783012,-2.78434299547732,1.54942275090931
2	-2.33141006580278,0.741309720207541,0.959747776929592,1.02769292112101,2.48186625921514
2	-2.18225838301696,-0.594986248145657,-1.73455725322065,-2.32354754383124,1.55723168035048
2	-1.143261560313,1.04153417611842,2.79250767361899,1.3608546805957,2.48877382473757
2	-2.52782398338236,1.03003786396477,-2.13134092862928,-2.96188997894198,1.611399228986
2	-2.76758904535894,-1.36896759437335,-2.77874969388384,-2.3291748014487,1.63065537688718
2	-3.07918806259756,-0.605299644127858,-3.4561734015204,-2.03635234286269,1.60138987423731
2	-1.93317343846217,-1.89937632943848,-2.1952473399659,-2.98602083567425,1.64379570373348
2	-1.37418278738286,-2.64595188777028,-2.77612540763107,-2.62133029178567,1.56940208949571
2	-1.63312396619282,-1.81877958803168,-2.44868811603211,-1.75642571814327,1.57519902216068
2	-2.26644459869158,-0.472314748800695,-2.29541790865283,-4.24570504103738,1.62959050750833
2	-1.68159984829964,0.924618122955956,1.44514814120429,1.79176702913014,1.8014054692944
2	-1.48808834550298,-1.56752867973199,-1.43750010052881,-2.55519071666153,1.62065348386508
2	-1.61529771052224,-1.28797868826156,-2.0559252932,-2.45548909035303,1.57064926143329
2	-3.71985709117445,0.0260418212484923,1.37492730134822,1.51369694622324,1.17042138110723
2	-2.3252472233809,-1.57939551360183,-2.39424270459138,-2.90227650608838,1.55573630253583
2	-4.50932571066597,1.05996087609447,2.3971396596688,1.23150966386391,1.64409208611689
2	-2.63088617607393,-0.49349111767585,1.56906198107404,0.485997355422603,1.58298539462103
2	-1.3540923928448,-2.90881250105041,-2.54086020835519,-2.32230357055317,1.58748603009466
2	-2.90694981843663,1.16497964825532,1.31924025587739,0.113677124728739,2.04772745530559
2	-2.31950986335921,-0.997953037449419,-2.06840655949063,-1.97086125825697,1.51289758417302
2	-3.8614898221915,1.97357123765601,1.17225033326184,-0.0846203111094512,3.26964828640647
2	-1.34621546639922,1.18924120260024,0.117865333061541,2.21723212440189,2.52240024490138
2	-2.17430818407411,1.37499212048431,1.29162737389954,1.45337696457468,2.51092156411011
2	-1.98342578236266,1.82082944346517,1.37802500062148,1.5125880003397,1.46828167784739
2	-2.44415347863676,-2.57769699133978,-1.05069316535513,-2.98293491737566,1.58350552946695
2	-2.58606378720083,-0.50655221607437,-2.4665558924067,-0.695009129171316,1.59441087436907
2	-2.06253718786459,0.505441239662252,-1.71528574500461,-1.34388476839144,1.6332448990704
2	-1.71813190434902,-0.391966121602792,-0.770383011790729,-3.05566570664727,1.64035498855828
2	-1.68753342126357,1.73287146357126,1.8720471818874,2.50838023956047,2.67344131585038
2	-2.7396397484905,-0.864926393068261,-1.99561068019681,-1.3839486283822,1.57186234509463
2	-2.11371576416048,-1.11096414045109,-2.15588449916134,-3.0235913993562,1.51390015147999
2	-1.79461447653491,-0.771128419857252,-2.01209292028637,-4.03069879473973,1.56358417157289
2	-2.54410596208853,-0.0553833430529074,-2.47370896118785,-3.99211126641321,1.61769810278987
2	-0.610827396089547,1.8473902848413,2.39374820833161,1.31762817163922,2.89488634914251
2	-1.79068267566372,-0.994172665587755,-2.53493390540602,-2.93924271339776,1.6108179688954
2	-0.651044651141119,-0.989447376553077,-2.61409174453061,-3.56565141430134,1.57134209370802
2	-2.33263842040617,1.03298961962707,1.07235166428447,2.37135994292639,1.63254388026335
2	-2.58090182221146,-3.11484958357815,-3.29103952992962,-3.30718238274349,1.61574863025399
2	-3.95705628562817,2.22258118186169,2.21708293752929,2.60435156546927,2.17096532500298
2	-2.01331129983903,1.33642397762381,2.86885852691838,2.08942622976832,2.38281668377672
2	-1.46107748806073,-0.560828624683783,2.33774322728283,1.69214243886155,1.80326055658311
2	-3.03043880660232,1.272919878612,2.36741429647424,1.39080518011157,1.1903155496546
2	-1.84890016627104,-0.99253795045902,-3.27588614653655,-3.57326145043642,1.62899510935261
2	-1.51806224904355,1.96000442548973,1.57004720443022,1.69281387199056,2.78657831584866
2	-2.0175779848271,-1.48646711250001,-1.4298449197005,-2.94285947554458,1.57678705454436
2	-1.88572676504263,1.43357160853503,0.243409770096303,0.313353957348119,2.18043294705073
2	-1.85257123416358,1.56635594531305,1.68016545076223,0.554400984950332,2.2911632574706
2	-2.28265955105997,0.594420573823454,2.68811019782514,1.26243275653037,1.56674197398439
2	-0.0758740948216119,-1.33973950888346,-1.99842173785181,-2.95946537174422,1.53111531062559
2	-0.900020558766777,-0.951094266112342,-1.0429725479752,-2.59952243120249,1.57652255073012
2	-2.42001013179524,0.81933916012207,1.83932823003576,-0.209332262074789,2.12876711404873
2	-2.21908242193314,0.879029963539087,1.06118083544972,2.21691280459513,1.91001299362969
2	-2.26469520007399,1.2624084236166,2.11032802191905,3.15325980708343,2.84601071381238
2	-2.49514562665961,-0.360004304246843,-1.31885705553008,-3.61383338778909,1.60110257500434
2	-3.13369168173626,-1.10937063463677,-0.897255675757278,-3.09849124952149,1.57483903004938
2	-2.17695795052485,0.175175026008685,-1.30699963763105,-3.93041596596815,1.62265793836449
2	-1.92572057398674,-1.60394922463162,-3.22157849904451,-2.29526381922418,1.61930847809181
2	-2.4459834592181,1.41236214300985,2.9328279648609,1.28767896287243,1.76327251051088
2	-2.5169889319012,0.882786918442044,-0.630196447020025,-4.21402958698197,1.52399823141734
2	-2.33531591855452,2.02736030676699,1.19739279104236,1.4530632639051,2.39972411955203
2	-2.65791312860823,2.50559821174969,0.207392939330235,0.819224012786276,1.55841676945553
2	-1.83381962606547,2.00472739672609,1.03953184888191,1.96441971658317,2.83297054798301
2	-2.53538688392561,1.76918281154542,1.07707201322365,0.986090483125003,2.62729095199888
2	-3.00714698387701,-1.28577674796025,-2.81252690777093,-2.22319180577445,1.655024918752
2	-3.72479364264805,0.955118187420719,3.01970884544642,0.764702528683804,3.40438394174642
2	-2.91356516792976,0.834956017668685,1.10367100883004,-0.341536792276194,1.91781753621525
2	-1.72435942454586,-0.760012386519284,-2.90792597799926,-2.53700721051367,1.48461500803091
2	-2.8139369018703,1.09295695989161,1.81679663642861,1.42287809521231,1.90120985308317
2	-2.52924642595334,-0.928074523003887,-2.46548585003262,-2.66977928767717,1.64997488818663
2	-1.43717430031498,1.11475717489042,2.2283027636454,-0.383802015788657,2.38446297533173
2	-2.48829762372004,-1.36512573270595,-1.37738763080569,-2.77478209495442,1.5850804350444
2	-2.38519068613023,2.25698232400014,2.791340301829,1.29939399037606,2.02324491526532
2	-0.730616400252183,-1.48478510711229,-3.27187903124452,-3.26769360126148,1.64751141103312
2	-1.75805134968495,0.166933060341102,-3.07984651127452,-4.35031012598284,1.57881870115714
2	-2.93245078641323,1.87582113821569,1.55867397209041,1.57332757011011,2.35392432676789
2	-2.61178493929249,-0.912277276055245,-4.41277801801975,-2.4903791836904,1.55503812466238
2	-1.02097046239122,1.11394215968013,1.37776157705011,1.48643451556587,1.88264670546694
2	-1.42887895115689,0.83553558913927,1.84994550765633,0.391268940687183,1.85164469370558
2	-2.33830573239331,1.14140743103652,2.85095664484004,1.77965656738507,1.82036207850468
2	-1.83663583365505,0.382426737654694,2.51690874246289,2.56494167899584,2.4973799967501
2	-2.37859200110848,1.50289464279412,2.41002365333484,1.17129693750301,1.69903629217433
2	-1.99625032566708,-1.33562012504238,-0.908166405874451,-0.279034979807342,1.61127044463722
2	-2.05469579375735,0.809011712361886,-1.23156243549463,-3.69527147847217,1.64198385805337
2	-2.10433715976121,0.297088626423382,-3.19789017358681,-4.37921045939662,1.59845756500138
2	-1.7934809991883,-0.733287774314773,-4.3595589653483,-2.76910103614563,1.56615842115742
2	-2.70022555021344,-1.54037260076225,-0.353634396732565,-3.8522736594416,1.65022355560571
2	-3.30678652768146,1.72322544153643,0.146666242538945,0.0735063346400424,1.5073583626324
2	-1.6787852215622,1.82610536421763,1.9838104902949,1.67133478772753,2.14070855473361
2	-3.16497653945436,0.694751309809592,2.00867070568442,0.710707161887884,2.33104781327377
2	-2.37620118068288,1.61517514532443,1.23381071178656,0.935370608875525,2.62718425194069
2	-1.92928447131032,0.870707543122758,1.84836437372184,2.3531984632384,2.85409459017701
2	-2.55860408119987,-1.81531062683564,-2.04179193817054,-2.51483922035445,1.58002230962068
2	-0.739498964226978,-1.02533038543495,-2.02988046919105,-2.59176130450796,1.71245074063184
2	-2.05736154310705,-1.32031076790592,-3.28654257391847,-3.71839355804969,1.67521251723979
2	-1.6831005438633,-0.493313689515961,-1.6551862407471,-3.2022786866546,1.57475360792117
2	-1.61293885446038,-0.34001787897239,-2.72887429362547,-3.98640916358771,1.59403069025294
2	-1.472061234767,0.503440717495332,0.947359315979736,-0.299625599623678,1.74195429233382
2	-2.30524552162736,1.44081057579689,3.02315519135701,1.40245495477356,2.13630960607353
2	-2.81002451148406,1.08952653037457,1.82598865166231,1.77030199298407,2.28920213448222
2	-3.81044866164241,1.06582801894986,0.827695721634445,0.0125528432596862,2.71351732113847
2	-3.01281696481337,1.72876236345855,1.76530354953693,1.5806134319469,2.67203166824377
2	-2.86165268625535,0.848973633135707,2.59455800699837,0.857977868906292,2.15901783615567
2	-2.63961803260775,0.202216351421505,1.66600505999868,2.01311558388974,1.52587661375305
2	-1.51566609577994,1.38784550121628,1.93030409185608,1.29214206187296,2.5219003769558
2	-2.74400148080784,-0.247654355249637,-1.70328245194901,-3.57192122679306,1.63251339016273
2	-0.781458905556364,-0.741798287232426,-3.2118572309553,-2.60903766431933,1.69766469760222
2	-1.93742567281398,0.45245976348536,0.0676991003987057,2.2870838649034,1.98972081272004
2	-1.10992443392344,1.44558904173989,1.6888452700738,0.855138431378852,2.99532323804539
2	-2.68033422307968,1.03408318097785,1.11834729916696,1.68364880279513,1.44277653432545
2	-2.19560441447694,0.45995539357691,-3.13079003031215,-2.60617204319379,1.54804635792446
2	-2.05418975006437,-1.35268993735681,-2.29141585243533,-3.39386236443354,1.62024350057755
2	-2.04599595728594,-1.8419057737581,-2.36098783479472,-1.93839887911814,1.62483971626987
2	-1.51409168606561,-0.448653054043221,-2.27815975387312,-3.24478080813294,1.70780300032527
2	-2.47895842981876,1.1319831131261,2.41103134990343,0.729555750984865,2.60594828761799
2	-3.19174301455381,1.31204007403498,0.882277879093872,1.92731309723616,2.81447586387309
2	-1.48967944870005,1.0734544368614,2.27556072083649,1.10972891867736,2.58225673344789
2	-2.54994530994128,1.50311010622284,1.54775182916728,-0.493998656539719,2.4569945615317
2	-2.13324042592288,-0.657012080425828,-2.74520647816785,-0.760825430563957,1.60576807385511
2	-1.9881909115772,-2.45535895364364,-2.07166859226021,-1.77105041022246,1.64779878298675
2	-1.8530617689213,-0.547833846168878,-1.43227976073996,-4.33632445577521,1.57064204837999
2	-3.81008240349489,2.08349438506224,2.89800070395999,1.05210736258931,2.73876529877041
2	-2.20162961109334,-0.526037727230389,-2.59546133959882,-3.68305412859056,1.56282449448354
2	-2.38822067295812,1.5272157627762,1.3462641497286,1.54432779688922,1.71982172766777
2	-2.36721202020807,-0.774388893045614,-1.94514622973611,-4.18641209065486,1.66434278693105
2	-1.91390689104066,1.76551475646385,1.7826387909843,0.199666233655247,2.2089777193925
2	-1.71996963684159,-0.635987455949487,-3.52489099928609,-2.26762622847019,1.63359422034509
2	-3.17587243368587,0.128459057072579,3.9130311416661,0.232441300366975,1.81143770565126
2	-1.75994616319299,-1.24943018609888,-0.585708181168757,-1.69384805049647,1.68266504980533
2	-3.36960080855308,-1.73981112594818,-3.11460906669267,-3.58437969115132,1.60407746646077
2	-2.18080764415175,0.52653235782032,1.29289807737014,0.748687284718881,1.65289082641776
2	-2.20190728311303,-0.306538850941385,-4.39674001560515,-3.12899236844619,1.5113135108076
2	-1.44939685802973,-1.94235359976685,-1.64501901602163,-3.71309299049965,1.59098522786308
2	-2.45893575271094,-1.47170524579568,-2.64076997282887,-2.60572669464839,1.63777401728026
2	-2.57410959180506,-1.38419345271286,-3.37545196519173,-3.22226038662999,1.67712076385705
2	-1.00733213172097,0.974015643502204,2.697564288691,2.21955347136386,2.35046030277906
2	-2.59311765777028,-1.29167709868747,-2.70135993886128,-3.66822120412035,1.52321050159874
2	-1.76060362611806,-0.118160271524412,-2.00659412883647,-2.46945377376965,1.58129726290081
2	-0.0892458448606188,0.285546139410981,0.84428814375117,1.70572428283636,2.06091691217443
2	-2.62395256869936,-2.06330561476444,-0.732637478441519,-2.96908090522677,1.6061659534922
2	-3.38765303660996,-0.967134832459386,-1.66290254528637,-2.2941307102487,1.54767428402433
2	-1.8061761836848,-0.423542954799123,-3.67425599782263,-0.258366208638436,1.5555830753981
2	-2.96736210081036,1.573725867064,-0.66537691213712,2.38305973425013,1.99123911571735
2	-1.51275580511997,-1.22611559371721,-3.2383839015988,-3.15948381367693,1.5131412069598
2	-1.66046918514573,-0.342659414488645,-2.66886105379101,-1.04333856788872,1.58291833812595
2	-3.28531996631685,1.0499882727783,-0.47072581193099,2.48826173968205,2.02601183855329
2	-1.77159132585384,-1.60119174552157,-2.98952245402693,-3.34129300312867,1.65867293111289
2	-2.77200572146269,1.40229817107018,2.35713849360971,1.92645855536749,2.08974534063719
2	-1.93877864720001,-1.23524948934885,-4.55825339453572,-2.58586755632844,1.66028559059282
2	-4.2963302753394,2.52915915024389,2.22313606772425,1.53996808522247,2.10174443619553
2	-1.9784453192281,1.59105266087603,1.53489355932956,1.3715978653285,1.72317142278688
2	-0.529558332199301,1.07262785936525,1.87582912578453,0.298857886989544,2.06823334893115
2	-1.06185351271166,2.30130616057715,0.923093227752118,2.75630930091353,3.15507691058094
2	-1.51027153117394,1.362176501945,1.65555061005205,1.34791415803951,2.35848187613765
2	-3.588044994429,2.3748828561395,0.758565924939761,3.39196328911934,2.52124463390808
2	-2.28359557130057,1.07142265890523,1.08127912448614,1.32673243770778,2.46400556304519
2	-2.18258806418571,-0.703842651802565,-3.73962873029622,-2.80976381651764,1.49605882133009
2	-3.01482661017575,1.33333059242266,3.39166787948815,0.610599717402376,2.19139584668521
2	-2.59169619810157,-0.62705526005295,-3.15015021717042,-3.71560995860896,1.5353251922717
2	-2.70759625831369,-2.3564341143149,-5.05735393006789,-0.795628320462032,1.67517775860637
2	-0.647170827381974,1.44038338935799,2.24826428746143,2.15514990044815,2.45312682223031
2	-4.64051337028274,0.959591214390638,1.16398783663045,0.286240121413302,2.1239783951522
2	-3.87550524541497,2.526473824473,1.80664764855988,1.81888565251783,2.07856069581331
2	-1.07347819279007,-0.435195298801138,-2.8723287045339,-2.40590426748568,1.65628344630826
2	-1.94572373105822,1.92293553331159,0.9953175441414,1.07578288770055,1.99664710609793
2	-1.57424205749792,-2.37838569626193,-2.70525404153809,-1.41756456386786,1.52857742880782
2	-1.28567598095734,-0.776646072957063,-0.894293659471244,-2.47768046480491,1.6135111134299
2	-2.26075644693392,-0.448282605169957,-2.8241684864533,-2.26775816306109,1.64498926292048
2	-1.70935481675026,-0.436238313781088,-2.53311948660788,-5.05601356833773,1.70136566402976
2	-1.58164687244129,-0.314201581630884,-3.96447527018386,-4.2959945128557,1.59615742645555
2	-1.61171009162425,-0.842591920923389,-1.03258959133196,-3.754460882845,1.55285825874047
2	-2.15323053360395,0.0859189790263014,-2.24220474612345,-3.76829581202016,1.58669060087364
2	-2.35343682701298,0.423654220195189,1.70614418462109,2.12343368051614,2.36787517674614
2	-0.852937240759839,-0.140442230834598,0.763759641683979,1.48982593412989,2.33060155169613
2	-3.9359183249309,1.74832179727527,2.09191307712404,1.31265121086066,2.23265684672449
2	-1.96724948591863,-1.63580013328562,-4.35073181084572,-2.71557704170873,1.55039978281888
2	-2.46742775905712,1.19843276011902,2.09771930420587,0.35689575674074,1.8802863361274
2	-2.3172271059408,-1.90439242930839,-3.2344516440037,-2.04589972678533,1.63095229951382
2	-3.10152376346233,1.46887903973464,-0.0455852105121255,2.17062054180599,2.34456386661876
2	-1.13096984277117,-0.873632316242353,-1.56558584739694,-2.71785744156293,1.63773653745021
2	-2.34086206315146,-0.164155096268211,-1.35017353112013,-3.01186634676833,1.56390287257458
2	-3.03934895468238,0.849660282738963,2.10064527027507,1.91894334558954,1.74057898015793
2	-2.71923949013688,0.125712802696738,-0.306426335628411,0.625865996661715,1.90143215898894
2	-1.41293664762813,-3.47399531094403,-3.53195377094015,-3.7507136557882,1.6102280412436
2	-1.20568886091146,1.07297416979837,0.79664744540502,0.442283027151486,3.07365025952156
2	-2.25293728730637,0.663494119268686,1.84406893635168,1.95628349458982,1.90786431161748
2	-1.79530949232997,-1.10841086495342,-2.62108782578842,-1.14644451236377,1.57340077815297
2	-2.93491586347151,1.14046432133688,2.37008555857022,1.15786507366141,2.47598699716236
2	-2.16762343231056,-0.678263091304714,-3.62270497693429,-1.71616885526384,1.59885338779866
2	-2.29414632591304,-1.04869071875253,-1.89901842314482,-2.16197309576067,1.67119919097177
2	-2.36941918720949,-0.734530647272527,-2.39000660735317,-4.25632289311754,1.64369742851419
2	-1.86078200104318,1.09636795812261,1.30272679356419,0.798295212701173,2.83527903332901
2	-1.86184885492653,-1.75706960121367,-2.19481701974234,-2.78891105410056,1.60330958913994
2	-2.601787144311,-2.26139517616307,-3.12726186296263,-3.39025599873267,1.62467549992792
2	-2.3655679929346,-1.7172673796924,-1.66102202821283,-4.23297096983898,1.56635319774948
2	-3.22588766739059,1.14875171102678,2.79780939867428,0.682117504522918,2.52615771440457
2	-0.888569141677073,-0.751380374996946,-2.97952691501832,-2.96592004806794,1.57906859415246
2	-3.96136548201051,1.0944337462735,1.98862457109335,1.08794400215173,1.76182666174641
2	-1.27166017180439,0.709498877929631,0.758772024070861,1.70450580617377,1.5716460756725
2	-2.47969385721751,0.971399505413034,1.15066557537354,2.45461824357259,2.52992639134024
2	-2.47842910916576,1.29557679192201,1.34576610357093,0.877971784984132,2.79705735155251
2	-2.22201940562665,-0.129950764363501,-3.78906657561584,-2.94195923891498,1.65937935961312
2	-1.42156800626054,-0.753163096795725,-3.5629328524665,-1.41681711715207,1.55894927000492
2	-1.45245792600413,-1.79655409845632,-2.41789275274405,-3.93802723141972,1.59272296804765
2	-1.70292491744751,0.399424949155589,-3.21112231077574,-3.67135057759087,1.64270634911371
2	-1.891894286695,-1.5716464862893,-1.25854265704801,-2.17762090548287,1.49559861349119
2	-3.0472975443975,1.05695474024351,2.34987188938578,1.09425858939698,2.25339257419466
2	-1.95656612331449,1.02707396340091,3.01255382992144,1.73777447810912,2.71687490205204
2	-4.34860323017701,1.02683618482919,2.23498614246123,1.6935603916318,1.59591091650559
2	-2.55197563632151,-1.00723909512047,-4.63097134788909,-2.3583768797641,1.61950282598003
2	-1.23671176523766,0.807293834792556,0.532398867238163,1.39961270058218,2.13580358204658
2	-2.50276709518014,0.279557233542667,3.0561397241344,0.860965781136094,2.37879531269266
2	-1.48360627197381,-1.37908303898033,-3.70260092946019,-2.33829010035992,1.5814948273444
2	-2.30388733696402,0.194585259863811,-1.03657101715506,-3.13921483976094,1.65740596422745
2	-2.68208429039443,0.332725901053756,2.38922826885354,2.00865754904982,1.48680200474463
2	-2.50820349316302,-1.5405513226516,-2.73019525381641,-3.09763142385338,1.61820327355555
2	-2.12083524913891,-2.16573630707192,-2.19353797655437,-2.02423064485129,1.70240719137216
2	-1.30322621168195,-1.97713499479704,-2.80601680684999,-2.16017949583415,1.60500822112147
2	-3.58935782609373,1.5012932461636,1.98123664300769,0.507148217822237,1.01545978655635
2	-1.1783565566022,-0.0123684163897396,-2.43476770447343,-4.1558391213177,1.60045669680608
2	-1.88513452682816,-0.96286445267531,-1.94356372751729,-2.74664311085165,1.59828591369584
2	-1.83181666856963,-0.957244272568886,-1.46561182087323,-3.84131499494266,1.58798722257546
2	-0.799876963597868,1.97998947429762,0.961775840611806,0.159284406178682,2.78456180185059
2	-1.68049223028981,1.75449123354946,1.12053624458204,1.34205956362499,1.75047080746493
2	-2.91457471732555,1.06739080227624,2.68000071499017,0.284111032355262,1.71838971771812
2	-2.59357710005222,1.89991694923502,1.54273076868346,1.09918486412554,2.25369995514145
2	-0.284226276055572,1.59346134982905,2.02425320428377,0.570051196998689,2.95461716663659
2	-0.213408541703378,-0.938958592505293,-1.10626874630817,-3.01791310246759,1.62403162868659
2	-1.63162145782753,-1.18453561290783,-1.86604764869022,-3.18113439767163,1.49298882575959
2	-3.68323022124577,1.3257074577876,1.58925223051959,1.93109411030885,2.30161523228651
2	-4.44027121932443,0.443253616693348,1.29789907515757,1.0382076195707,1.87852616289186
2	-2.27510443408393,0.978298979559341,-2.57600672350504,-3.14058017452307,1.6290965800658
2	-3.35854958283303,0.76061439039258,1.93487040209943,0.859887322785128,2.51819702879485
2	-2.15334790336943,1.89651508604092,1.68518210488935,1.31701808703409,1.74629603668028
2	-2.38362573956093,0.713725312062678,0.653146215055002,1.97156900099647,1.87817185799528
2	-2.83459560476104,-0.067295052231213,-2.1404635364209,-2.87259783686896,1.64726503762813
2	-0.532991537474905,0.261556883428258,1.5209148893279,1.28201740047726,2.66083934756856
2	-1.57137623769659,0.978475357367431,0.525802420670125,1.09956404950837,2.29742928940911
2	-2.96955217362568,1.25616843064169,1.09799788470533,1.11875644902078,2.3245842244008
2	-2.98109819080205,2.02573797834001,-2.33074899227271,-2.78549889951852,1.61427376744997
2	-1.33233050337761,-0.708984430569001,-2.69224250134353,-2.21773057257426,1.61696831190558
2	-1.99686557295408,2.49278286608995,0.3809295503083,-0.935494086283339,1.82895954588535
2	-2.21024334374067,-1.19185723441161,-3.37303240147893,-2.73677638908094,1.63439022890243
2	-1.20376413113779,-0.91434329324598,-3.58026417699054,-4.51103541530153,1.53785806076668
2	-2.21595173257266,-1.19187346120314,-1.32924238938501,-2.65201474699752,1.52130263555798
2	-3.43413660450464,0.80180006266335,1.38067812582049,0.187831286585829,1.62978829768078
2	-1.68746923242319,-0.606595373593352,-2.28311567839538,-2.65366959816237,1.57898702311186
2	-0.429709343244957,1.76426804229736,1.07075516541746,0.880721470856622,2.60503637462567
2	-2.02497348105229,0.499365203223398,-1.42615704683964,-1.51291041084578,1.65047215510412
2	-2.90423424558346,1.58755589862113,2.41838822545494,1.51606619227598,2.70981532883695
2	-2.81206655285732,-0.395175828924778,-2.22286806476076,-2.25123758000494,1.59011909125407
2	-2.79868365392918,-1.53874506134601,-1.55485747193158,-2.03003905380186,1.64226398291402
2	-2.22893121272623,-0.84049406950081,-3.33109143472923,-2.67014282098461,1.57661588883161
2	-2.09480317700845,1.90438804755236,1.95700367603855,1.63253244541104,2.80331856665333
2	-1.53210892780889,0.240659228525037,1.78666124147324,-0.0487493347964345,2.86751105352241
2	-1.00132609480862,0.0391713733567132,-2.75594270689359,-3.10923081768314,1.53736769545747
2	-1.83396907151353,0.0600748238037681,-2.80831716662666,-2.6530002175107,1.58902934993331
2	-1.66879466300832,1.14516957927136,1.91320222590693,1.13026640694656,1.63145397404789
2	-3.19688911551415,1.6706042063987,0.594107856735438,1.49712034806405,1.78819944322776
2	-1.29422402388371,-1.67320936884955,-2.90281828919676,-1.7750752078615,1.6292300595208
2	-1.06500222155162,-1.58091057031723,-2.62174661635294,-2.51989093631123,1.56499030364096
